 *tel    numcsi   CsIInVoltage     errCsIInVoltage           CsIE       errCsIE
    0         0      0.0209298    0.000209298        17.2237       0.172237
    0         0      0.0685448    0.000685448         28.502        0.28502
    0         0       0.124443     0.00124443        39.8833       0.398833
    0         0       0.183821     0.00183821        50.9063       0.509063
    0         0       0.248828     0.00248828        61.9826       0.619826
    0         0       0.312646     0.00312646        72.5917       0.725917
    0         0       0.382833     0.00382833        83.6367       0.836367
    0         0       0.451454     0.00451454        94.4514       0.944514
    0         0       0.526565     0.00526565        105.797        1.05797
    0         0       0.600001     0.00600001        116.982        1.16982
    0         0       0.669238     0.00669238        127.344        1.27344
    0         0       0.748328     0.00748328        138.961        1.38961
    0         0       0.821981     0.00821981        149.784        1.49784
    0         0       0.896961     0.00896961         160.51         1.6051
    0         0       0.976064     0.00976064        171.809        1.71809
    0         0        1.05235      0.0105235         182.36         1.8236
    0         0        1.13275      0.0113275        193.489        1.93489
    0         0         1.2154       0.012154        204.542        2.04542
    0         0         1.3001       0.013001        215.526        2.15526
    0         0        1.38499      0.0138499        226.447        2.26447
    0         0        1.47675      0.0147675        237.947        2.37947
    0         1      0.0204121    0.000204121        19.8829       0.198829
    0         1       0.102956     0.00102956        35.0235       0.350235
    0         1        0.18824      0.0018824        50.5487       0.505487
    0         1       0.274101     0.00274101        65.3733       0.653733
    0         1       0.368506     0.00368506        80.8227       0.808227
    0         1       0.462623     0.00462623        95.7633       0.957633
    0         1       0.556943     0.00556943        110.289        1.10289
    0         1       0.657807     0.00657807        125.548        1.25548
    0         1       0.759836     0.00759836        140.475        1.40475
    0         1       0.860931     0.00860931        155.124        1.55124
    0         1        0.97112      0.0097112         170.56         1.7056
    0         1        1.08185      0.0108185        185.769        1.85769
    0         1        1.19486      0.0119486        200.786        2.00786
    0         1        1.31113      0.0131113        215.639        2.15639
    0         1        1.42961      0.0142961        230.352        2.30352
    0         1        1.55776      0.0155776        245.916        2.45916
    0         1        1.68049      0.0168049        260.402        2.60402
    0         1        1.81348      0.0181348        275.759        2.75759
    0         1        1.93876      0.0193876        290.079        2.90079
    0         1         2.0731       0.020731        305.286        3.05286
    0         2       0.032262     0.00032262        21.8088       0.218088
    0         2       0.100728     0.00100728        34.1339       0.341339
    0         2       0.178302     0.00178302        47.7251       0.477251
    0         2        0.25739      0.0025739        60.7763       0.607763
    0         2        0.33588      0.0033588         73.425        0.73425
    0         2       0.420182     0.00420182        86.6809       0.866809
    0         2       0.505746     0.00505746        99.6179       0.996179
    0         2       0.590727     0.00590727        112.283        1.12283
    0         2        0.68119      0.0068119        125.591        1.25591
    0         2       0.772222     0.00772222        138.665        1.38665
    0         2       0.863294     0.00863294        151.534        1.51534
    0         2       0.955566     0.00955566        164.222        1.64222
    0         2        1.05407      0.0105407        177.581        1.77581
    0         2        1.15416      0.0115416        190.779        1.90779
    0         2        1.25704      0.0125704        203.835        2.03835
    0         2        1.36157      0.0136157        216.764        2.16764
    0         2        1.46824      0.0146824        229.581        2.29581
    0         2        1.57666      0.0157666        242.297        2.42297
    0         2        1.69432      0.0169432        255.709        2.55709
    0         2        1.80517      0.0180517        268.249        2.68249
    0         2        1.92384      0.0192384        281.492        2.81492
    0         2        2.04383      0.0204383        294.663        2.94663
    0         3      0.0233842    0.000233842        22.3674       0.223674
    0         3      0.0880336    0.000880336        34.1832       0.341832
    0         3       0.158203     0.00158203        45.9936       0.459936
    0         3       0.232808     0.00232808        58.3635       0.583635
    0         3       0.306959     0.00306959        70.3547       0.703547
    0         3       0.383133     0.00383133        82.0422       0.820422
    0         3       0.463916     0.00463916        94.4175       0.944175
    0         3       0.544997     0.00544997        106.539        1.06539
    0         3       0.626488     0.00626488        118.443        1.18443
    0         3       0.708436     0.00708436        130.156        1.30156
    0         3       0.795547     0.00795547        142.585        1.42585
    0         3        0.88325      0.0088325        154.846        1.54846
    0         3       0.972897     0.00972897        166.957        1.66957
    0         3        1.06176      0.0106176        178.938        1.78938
    0         3        1.15207      0.0115207        190.802        1.90802
    0         3        1.24416      0.0124416        202.562        2.02562
    0         3        1.33954      0.0133954         214.23         2.1423
    0         3        1.44212      0.0144212        226.641        2.26641
    0         3        1.54635      0.0154635        238.966        2.38966
    0         3        1.64512      0.0164512        250.402        2.50402
    0         3        1.75182      0.0175182         262.59         2.6259
    1         0      0.0262005    0.000262005        15.2364       0.152364
    1         0       0.091882     0.00091882        30.2716       0.302716
    1         0       0.168625     0.00168625        45.2647       0.452647
    1         0        0.25953      0.0025953        60.8759       0.608759
    1         0       0.350676     0.00350676        75.4153       0.754153
    1         0       0.448495     0.00448495        90.4416       0.904416
    1         0       0.547947     0.00547947        105.058        1.05058
    1         0       0.653458     0.00653458        120.394        1.20394
    1         0       0.758686     0.00758686        135.462        1.35462
    1         0       0.864038     0.00864038        150.306        1.50306
    1         0       0.977852     0.00977852        165.926        1.65926
    1         0        1.08564      0.0108564        180.391        1.80391
    1         0        1.20357      0.0120357        195.652        1.95652
    1         0        1.32349      0.0132349        210.759        2.10759
    1         0        1.44748      0.0144748        225.729        2.25729
    1         0        1.57277      0.0157277        240.575        2.40575
    1         0        1.70051      0.0170051        255.312        2.55312
    1         0          1.838        0.01838        270.864        2.70864
    1         0        1.96781      0.0196781        285.409        2.85409
    1         0        2.10559      0.0210559        300.781        3.00781
    1         0        2.23687      0.0223687        315.177        3.15177
    1         1      0.0258892    0.000258892        21.1167       0.211167
    1         1        0.11843      0.0011843        36.8824       0.368824
    1         1       0.202133     0.00202133        50.8593       0.508593
    1         1       0.299356     0.00299356        66.6536       0.666536
    1         1       0.391112     0.00391112        80.9218       0.809218
    1         1       0.495609     0.00495609        96.9916       0.969916
    1         1       0.593323     0.00593323        111.669        1.11669
    1         1        0.69078      0.0069078        126.081        1.26081
    1         1       0.796476     0.00796476        141.268        1.41268
    1         1       0.901793     0.00901793        156.226        1.56226
    1         1        1.01512      0.0101512        171.963        1.71963
    1         1        1.12235      0.0112235        186.537        1.86537
    1         1        1.23992      0.0123992        201.913        2.01913
    1         1        1.35267      0.0135267        216.189        2.16189
    1         1        1.47579      0.0147579        231.286        2.31286
    1         1        1.60131      0.0160131        246.262        2.46262
    1         1        1.72824      0.0172824        261.132        2.61132
    1         1        1.86506      0.0186506        276.826        2.76826
    1         1         1.9935       0.019935        291.511        2.91511
    1         1        2.12303      0.0212303        306.121        3.06121
    1         1        2.26184      0.0226184        321.571        3.21571
    1         2      0.0255399    0.000255399        21.9522       0.219522
    1         2        0.10785      0.0010785        35.8243       0.358243
    1         2        0.17956      0.0017956         48.122        0.48122
    1         2       0.257863     0.00257863         61.029        0.61029
    1         2       0.343795     0.00343795        74.5357       0.745357
    1         2       0.428543     0.00428543        87.7026       0.877026
    1         2       0.513195     0.00513195        100.582        1.00582
    1         2       0.599408     0.00599408        113.214        1.13214
    1         2       0.690544     0.00690544        126.512        1.26512
    1         2       0.781538     0.00781538        139.597        1.39597
    1         2       0.873031     0.00873031        152.495        1.52495
    1         2       0.965143     0.00965143        165.231        1.65231
    1         2        1.06535      0.0106535        178.657        1.78657
    1         2        1.16615      0.0116615         191.94         1.9194
    1         2        1.26272      0.0126272        204.276        2.04276
    1         2        1.36776      0.0136776        217.326        2.17326
    1         2        1.47525      0.0147525        230.275        2.30275
    1         2        1.59134      0.0159134        243.936        2.43936
    1         2        1.70192      0.0170192        256.712        2.56712
    1         2        1.81374      0.0181374        269.418        2.69418
    1         2        1.93258      0.0193258         282.85         2.8285
    1         3      0.0256955    0.000256955        18.6338       0.186338
    1         3       0.094718     0.00094718        32.7809       0.327809
    1         3       0.161563     0.00161563        45.1349       0.451349
    1         3       0.239848     0.00239848        58.8465       0.588465
    1         3       0.317899     0.00317899        71.9455       0.719455
    1         3       0.397352     0.00397352        84.5954       0.845954
    1         3       0.482111     0.00482111        97.8244       0.978244
    1         3       0.566441     0.00566441        110.722        1.10722
    1         3       0.652041     0.00652041        123.346        1.23346
    1         3       0.742916     0.00742916        136.617        1.36617
    1         3       0.833636     0.00833636        149.665        1.49665
    1         3         0.9252       0.009252        162.524        1.62524
    1         3        1.01732      0.0101732         175.22         1.7522
    1         3        1.11797      0.0111797        188.611        1.88611
    1         3        1.21928      0.0121928        201.864        2.01864
    1         3        1.31654      0.0131654        214.184        2.14184
    1         3        1.42232      0.0142232        227.226        2.27226
    1         3        1.53695      0.0153695        240.988        2.40988
    1         3        1.64642      0.0164642        253.862        2.53862
    1         3        1.75731      0.0175731        266.672        2.66672
    1         3        1.86872      0.0186872        279.427        2.79427
    2         0      0.0284385    0.000284385        13.7028       0.137028
    2         0      0.0819822    0.000819822        26.9448       0.269448
    2         0       0.140717     0.00140717        38.9148       0.389148
    2         0       0.216817     0.00216817        52.7325       0.527325
    2         0       0.292328     0.00292328        65.6881       0.656881
    2         0       0.368233     0.00368233        78.1981       0.781981
    2         0       0.450139     0.00450139        91.3406       0.913406
    2         0       0.531596     0.00531596        104.214        1.04214
    2         0        0.61937      0.0061937        117.748        1.17748
    2         0       0.701432     0.00701432        130.165        1.30165
    2         0       0.788675     0.00788675        143.259        1.43259
    2         0       0.877554     0.00877554        156.154        1.56154
    2         0       0.971529     0.00971529        169.709        1.69709
    2         0        1.06053      0.0106053        182.247        1.82247
    2         0        1.15769      0.0115769        195.456        1.95456
    2         0        1.25631      0.0125631        208.512        2.08512
    2         0        1.35791      0.0135791        221.428        2.21428
    2         0        1.46066      0.0146066        234.217        2.34217
    2         0        1.57145      0.0157145        247.682        2.47682
    2         0        1.67731      0.0167731        260.248        2.60248
    2         0        1.79095      0.0179095        273.498        2.73498
    2         1      0.0228025    0.000228025        12.4629       0.124629
    2         1      0.0747204    0.000747204        25.2206       0.252206
    2         1       0.135556     0.00135556        38.7393       0.387393
    2         1        0.19594      0.0019594        50.8758       0.508758
    2         1       0.269366     0.00269366        64.4168       0.644168
    2         1       0.342877     0.00342877        77.2703       0.772703
    2         1       0.422445     0.00422445        90.6826       0.906826
    2         1       0.502504     0.00502504        103.712        1.03712
    2         1       0.581888     0.00581888        116.449        1.16449
    2         1       0.667768     0.00667768        129.905        1.29905
    2         1        0.74771      0.0074771        142.202        1.42202
    2         1       0.833365     0.00833365        155.263        1.55263
    2         1       0.919772     0.00919772        168.166        1.68166
    2         1        1.01306      0.0101306         181.84         1.8184
    2         1        1.10098      0.0110098        194.482        1.94482
    2         1        1.19755      0.0119755        207.916        2.07916
    2         1        1.28852      0.0128852        220.365        2.20365
    2         1        1.38822      0.0138822         233.62         2.3362
    2         1        1.48977      0.0148977        246.801        2.46801
    2         1        1.59271      0.0159271         259.92         2.5992
    2         1        1.69741      0.0169741        272.984        2.72984
    2         2      0.0282488    0.000282488        20.2789       0.202789
    2         2      0.0774504    0.000774504        29.2837       0.292837
    2         2       0.129976     0.00129976        38.7711       0.387711
    2         2       0.183058     0.00183058        47.9046       0.479046
    2         2       0.234737     0.00234737        56.7416       0.567416
    2         2       0.287498     0.00287498        65.3243       0.653243
    2         2       0.345236     0.00345236        74.4364       0.744364
    2         2       0.401939     0.00401939         83.321        0.83321
    2         2       0.464379     0.00464379        92.7218       0.927218
    2         2       0.526357     0.00526357        101.919        1.01919
    2         2       0.589406     0.00589406        110.938        1.10938
    2         2       0.650896     0.00650896        119.798        1.19798
    2         2       0.713129     0.00713129        128.519        1.28519
    2         2       0.780033     0.00780033        137.771        1.37771
    2         2       0.847579     0.00847579        146.895        1.46895
    2         2       0.914447     0.00914447        155.905        1.55905
    2         2       0.983329     0.00983329        164.813        1.64813
    2         2        1.05099      0.0105099         173.63         1.7363
    2         2        1.12443      0.0112443        182.985        1.82985
    2         2         1.1953       0.011953        191.641        1.91641
    2         2        1.27107      0.0127107        200.843        2.00843
    2         2        1.34893      0.0134893        209.976        2.09976
    2         3      0.0235034    0.000235034        11.2427       0.112427
    2         3      0.0693362    0.000693362        22.9931       0.229931
    2         3        0.11783      0.0011783        33.7841       0.337841
    2         3       0.170448     0.00170448        44.2848       0.442848
    2         3       0.234025     0.00234025        55.7146       0.557146
    2         3       0.296361     0.00296361        66.5424       0.665424
    2         3       0.364978     0.00364978        77.7858       0.777858
    2         3       0.432396     0.00432396        88.7265       0.887265
    2         3       0.500804     0.00500804        99.4351       0.994351
    2         3       0.573156     0.00573156        110.696        1.10696
    2         3       0.646796     0.00646796        121.767        1.21767
    2         3       0.719335     0.00719335        132.672        1.32672
    2         3       0.791668     0.00791668        143.427        1.43427
    2         3       0.870655     0.00870655         154.75         1.5475
    2         3       0.948347     0.00948347        165.933        1.65933
    2         3        1.02695      0.0102695        176.988        1.76988
    2         3        1.10794      0.0110794        187.929        1.87929
    2         3        1.18844      0.0118844        198.764        1.98764
    2         3        1.27082      0.0127082        209.503        2.09503
    2         3        1.35997      0.0135997        220.815        2.20815
    2         3        1.44568      0.0144568         231.38         2.3138
    2         3        1.53807      0.0153807        242.525        2.42525
    3         0      0.0250569    0.000250569        16.2115       0.162115
    3         0      0.0729115    0.000729115        27.9612       0.279612
    3         0        0.12603      0.0012603        38.7542       0.387542
    3         0       0.180549     0.00180549        49.2167       0.492167
    3         0       0.245272     0.00245272        60.4852       0.604852
    3         0       0.316175     0.00316175        71.9151       0.719151
    3         0       0.385765     0.00385765        82.9268       0.829268
    3         0       0.456725     0.00456725        93.6445       0.936445
    3         0       0.531229     0.00531229        104.827        1.04827
    3         0       0.606631     0.00606631        115.798        1.15798
    3         0       0.681223     0.00681223        126.588        1.26588
    3         0       0.761166     0.00761166        137.879        1.37879
    3         0       0.836316     0.00836316        148.361        1.48361
    3         0       0.916365     0.00916365        159.359        1.59359
    3         0        1.00201      0.0100201        170.864        1.70864
    3         0        1.08355      0.0108355        181.611        1.81611
    3         0          1.171        0.01171        192.876        1.92876
    3         0        1.25525      0.0125525        203.417        2.03417
    3         0        1.34671      0.0134671        214.485        2.14485
    3         0        1.43866      0.0143866        225.466        2.25466
    3         0        1.53737      0.0153737        236.971        2.36971
    3         1      0.0336156    0.000336156         20.996        0.20996
    3         1      0.0846502    0.000846502        30.6736       0.306736
    3         1       0.137346     0.00137346        40.7718       0.407718
    3         1       0.190825     0.00190825        50.4088       0.504088
    3         1       0.249648     0.00249648        60.4877       0.604877
    3         1       0.312254     0.00312254        70.9806       0.709806
    3         1        0.37139      0.0037139        80.3363       0.803363
    3         1        0.43932      0.0043932        90.9142       0.909142
    3         1       0.503232     0.00503232        100.461        1.00461
    3         1       0.571183     0.00571183        110.491        1.10491
    3         1       0.645151     0.00645151        120.992        1.20992
    3         1       0.713234     0.00713234        130.598        1.30598
    3         1       0.786242     0.00786242        140.712        1.40712
    3         1       0.860502     0.00860502        150.668        1.50668
    3         1       0.933741     0.00933741        160.489        1.60489
    3         1        1.01316      0.0101316        170.838        1.70838
    3         1        1.08866      0.0108866        180.438        1.80438
    3         1        1.16963      0.0116963        190.584        1.90584
    3         1        1.25272      0.0125272        200.648        2.00648
    3         1        1.33717      0.0133717        210.642        2.10642
    3         1        1.42273      0.0142273        220.576        2.20576
    3         1        1.50928      0.0150928         230.46         2.3046
    3         2      0.0286013    0.000286013        22.3856       0.223856
    3         2      0.0684187    0.000684187        33.5774       0.335774
    3         2       0.112394     0.00112394         44.879        0.44879
    3         2        0.15443      0.0015443        55.4748       0.554748
    3         2       0.201402     0.00201402        66.3415       0.663415
    3         2       0.251979     0.00251979        77.4873       0.774873
    3         2        0.30506      0.0030506        88.9246       0.889246
    3         2       0.359616     0.00359616        99.9472       0.999472
    3         2       0.413504     0.00413504        110.637        1.10637
    3         2       0.471051     0.00471051        121.741        1.21741
    3         2       0.528226     0.00528226        132.594        1.32594
    3         2       0.589756     0.00589756        143.902        1.43902
    3         2       0.647652     0.00647652         154.37         1.5437
    3         2       0.712148     0.00712148        165.983        1.65983
    3         2       0.772999     0.00772999         176.82         1.7682
    3         2       0.834509     0.00834509        187.552        1.87552
    3         2        0.89996      0.0089996        198.823        1.98823
    3         2        0.96161      0.0096161        209.398        2.09398
    3         2        1.02699      0.0102699        220.535        2.20535
    3         2        1.09422      0.0109422        231.623        2.31623
    3         3      0.0217896    0.000217896        12.8826       0.128826
    3         3      0.0651707    0.000651707        23.7328       0.237328
    3         3       0.114572     0.00114572        33.8441       0.338441
    3         3       0.163968     0.00163968        43.8137       0.438137
    3         3         0.2208       0.002208        53.8937       0.538937
    3         3       0.276708     0.00276708         63.425        0.63425
    3         3       0.338892     0.00338892        73.3003       0.733003
    3         3       0.403999     0.00403999        83.5288       0.835288
    3         3       0.471062     0.00471062        93.4173       0.934173
    3         3       0.541236     0.00541236          103.7          1.037
    3         3       0.612308     0.00612308        113.712        1.13712
    3         3       0.682843     0.00682843        123.492        1.23492
    3         3       0.758798     0.00758798        133.706        1.33706
    3         3       0.834398     0.00834398        143.724        1.43724
    3         3       0.910282     0.00910282        153.574        1.53574
    3         3       0.991785     0.00991785        163.879        1.63879
    3         3        1.06864      0.0106864        173.446        1.73446
    3         3        1.15205      0.0115205        183.488        1.83488
    3         3        1.23684      0.0123684        193.421        1.93421
    3         3        1.32787      0.0132787        203.834        2.03834
    3         3        1.41536      0.0141536        213.581        2.13581
    3         3        1.50951      0.0150951        223.823        2.23823
    4         0      0.0141645    0.000141645        10.0862       0.100862
    4         0      0.0583159    0.000583159        22.7522       0.227522
    4         0       0.104232     0.00104232         34.067        0.34067
    4         0       0.164588     0.00164588        46.7506       0.467506
    4         0        0.22482      0.0022482        58.2468       0.582468
    4         0       0.294709     0.00294709        70.6739       0.706739
    4         0       0.363601     0.00363601        82.5143       0.825143
    4         0        0.43816      0.0043816        94.6758       0.946758
    4         0       0.512722     0.00512722        106.458        1.06458
    4         0       0.590828     0.00590828        118.634        1.18634
    4         0       0.669959     0.00669959        130.514        1.30514
    4         0       0.753756     0.00753756        142.816        1.42816
    4         0       0.836288     0.00836288        154.871        1.54871
    4         0       0.920462     0.00920462        166.711        1.66711
    4         0        1.00444      0.0100444        178.364        1.78364
    4         0        1.09392      0.0109392        190.486        1.90486
    4         0        1.18554      0.0118554        202.447        2.02447
    4         0        1.28278      0.0128278        214.885        2.14885
    4         0        1.37822      0.0137822        226.574        2.26574
    4         0        1.47912      0.0147912        238.759        2.38759
    4         1      0.0189584    0.000189584        12.3892       0.123892
    4         1      0.0557221    0.000557221        22.5147       0.225147
    4         1      0.0970535    0.000970535         32.378        0.32378
    4         1       0.141884     0.00141884        42.1232       0.421232
    4         1       0.195781     0.00195781        52.7146       0.527146
    4         1       0.248688     0.00248688        62.5186       0.625186
    4         1       0.307207     0.00307207        72.5558       0.725558
    4         1        0.37027      0.0037027        82.9059       0.829059
    4         1       0.433261     0.00433261         92.924        0.92924
    4         1       0.496077     0.00496077          102.7          1.027
    4         1       0.562585     0.00562585        112.968        1.12968
    4         1       0.625555     0.00625555        122.399        1.22399
    4         1       0.692962     0.00692962        132.368        1.32368
    4         1        0.76442      0.0076442        142.872        1.42872
    4         1       0.831395     0.00831395        152.615        1.52615
    4         1       0.903478     0.00903478        162.908        1.62908
    4         1       0.971277     0.00971277        172.477        1.72477
    4         1        1.04385      0.0104385        182.606        1.82606
    4         1        1.11664      0.0111664        192.663        1.92663
    4         1         1.1914       0.011914        202.654        2.02654
    4         1        1.26656      0.0126656        212.586        2.12586
    4         1        1.34352      0.0134352        222.464        2.22464
    4         2      0.0202763    0.000202763        11.6431       0.116431
    4         2      0.0655678    0.000655678        22.0262       0.220262
    4         2       0.113954     0.00113954        32.1945       0.321945
    4         2       0.167302     0.00167302        42.3781       0.423781
    4         2       0.225857     0.00225857        52.7054       0.527054
    4         2       0.285513     0.00285513         62.412        0.62412
    4         2       0.350213     0.00350213        72.5023       0.725023
    4         2       0.413983     0.00413983        82.2094       0.822094
    4         2       0.484518     0.00484518        92.3962       0.923962
    4         2       0.553395     0.00553395        102.313        1.02313
    4         2       0.629263     0.00629263        112.749        1.12749
    4         2        0.70354      0.0070354        122.976        1.22976
    4         2       0.774132     0.00774132        132.313        1.32313
    4         2       0.853726     0.00853726        142.923        1.42923
    4         2       0.930097     0.00930097        152.688        1.52688
    4         2        1.00529      0.0100529        162.337        1.62337
    4         2        1.08794      0.0108794         172.56         1.7256
    4         2        1.17073      0.0117073        182.677        1.82677
    4         2        1.25547      0.0125547        192.701        1.92701
    4         2         1.3421       0.013421        202.641        2.02641
    4         2         1.4291       0.014291        212.505        2.12505
    4         3      0.0206936    0.000206936        11.0507       0.110507
    4         3      0.0638059    0.000638059        22.0163       0.220163
    4         3       0.115041     0.00115041        33.7016       0.337016
    4         3       0.166718     0.00166718         44.141        0.44141
    4         3       0.227552     0.00227552        55.6818       0.556818
    4         3       0.288643     0.00288643        66.5247       0.665247
    4         3       0.355397     0.00355397        77.7309       0.777309
    4         3       0.421288     0.00421288        88.5239       0.885239
    4         3       0.493443     0.00493443        99.7894       0.997894
    4         3       0.564854     0.00564854        110.755        1.10755
    4         3        0.63621      0.0063621        121.472        1.21472
    4         3       0.712602     0.00712602        132.719        1.32719
    4         3       0.789392     0.00789392        143.755        1.43755
    4         3       0.866431     0.00866431        154.608        1.54608
    4         3       0.942613     0.00942613        165.299        1.65299
    4         3        1.02595      0.0102595        176.544        1.76544
    4         3        1.10864      0.0110864        187.644        1.87644
    4         3         1.1942       0.011942        198.615        1.98615
    4         3         1.2799       0.012799        209.469        2.09469
    4         3        1.37411      0.0137411        220.888        2.20888
    4         3        1.46326      0.0146326         231.54         2.3154
    5         0      0.0199709    0.000199709        15.1564       0.151564
    5         0      0.0656076    0.000656076        26.2532       0.262532
    5         0       0.120808     0.00120808        37.7294       0.377294
    5         0       0.180074     0.00180074        48.7772       0.487772
    5         0       0.243739     0.00243739         59.752        0.59752
    5         0       0.313346     0.00313346        70.8871       0.708871
    5         0       0.381976     0.00381976        81.5783       0.815783
    5         0       0.456339     0.00456339        92.7037       0.927037
    5         0       0.530789     0.00530789        103.582        1.03582
    5         0       0.608951     0.00608951        114.977        1.14977
    5         0       0.683424     0.00683424          125.5          1.255
    5         0       0.762397     0.00762397        136.581        1.36581
    5         0        0.84117      0.0084117        147.532        1.47532
    5         0       0.920931     0.00920931        158.368        1.58368
    5         0        1.00475      0.0100475         169.77         1.6977
    5         0        1.08581      0.0108581        180.407        1.80407
    5         0        1.17198      0.0117198        191.616        1.91616
    5         0        1.26091      0.0126091        202.742        2.02742
    5         0        1.35013      0.0135013        213.791        2.13791
    5         0        1.44192      0.0144192        224.769        2.24769
    5         0        1.53445      0.0153445        235.685        2.35685
    5         1      0.0155099    0.000155099        10.6003       0.106003
    5         1      0.0632303    0.000632303        21.7761       0.217761
    5         1       0.109914     0.00109914        31.1112       0.311112
    5         1       0.167033     0.00167033        41.2423       0.412423
    5         1       0.229746     0.00229746        51.1882       0.511882
    5         1       0.304266     0.00304266         61.994        0.61994
    5         1       0.373538     0.00373538        71.4214       0.714214
    5         1       0.447381     0.00447381        81.2633       0.812633
    5         1       0.528235     0.00528235        91.5708       0.915708
    5         1        0.60884      0.0060884        101.661        1.01661
    5         1       0.688669     0.00688669        111.586        1.11586
    5         1       0.769488     0.00769488        121.374        1.21374
    5         1       0.855403     0.00855403        131.734        1.31734
    5         1       0.941812     0.00941812        141.979        1.41979
    5         1        1.02338      0.0102338        151.448        1.51448
    5         1        1.11062      0.0111062        161.505        1.61505
    5         1        1.20086      0.0120086        171.479        1.71479
    5         1        1.29144      0.0129144        181.376        1.81376
    5         1        1.39074      0.0139074        191.857        1.91857
    5         1        1.48513      0.0148513        201.618        2.01618
    5         1        1.58716      0.0158716        211.967        2.11967
    5         2      0.0303884    0.000303884         18.868        0.18868
    5         2      0.0884712    0.000884712        27.7344       0.277344
    5         2       0.144673     0.00144673        36.2868       0.362868
    5         2       0.204542     0.00204542        45.3099       0.453099
    5         2       0.270966     0.00270966        54.7618       0.547618
    5         2       0.336234     0.00336234        63.9111       0.639111
    5         2       0.402666     0.00402666        72.7884       0.727884
    5         2       0.469024     0.00469024        81.4219       0.814219
    5         2       0.539296     0.00539296        90.4766       0.904766
    5         2        0.61569      0.0061569        99.9318       0.999318
    5         2       0.686388     0.00686388        108.555        1.08555
    5         2       0.762339     0.00762339        117.606        1.17606
    5         2       0.838518     0.00838518        126.488        1.26488
    5         2       0.919446     0.00919446          135.8          1.358
    5         2        1.00179      0.0100179         144.97         1.4497
    5         2        1.07856      0.0107856        153.453        1.53453
    5         2        1.16812      0.0116812        162.955        1.62955
    5         2        1.25261      0.0125261        171.804        1.71804
    5         2        1.33973      0.0133973        180.574        1.80574
    5         2        1.43338      0.0143338        189.819        1.89819
    5         2        1.52793      0.0152793        198.999        1.98999
    5         3      0.0213653    0.000213653        11.9812       0.119812
    5         3      0.0744688    0.000744688        21.2668       0.212668
    5         3       0.139739     0.00139739        30.8646       0.308646
    5         3       0.205329     0.00205329         39.158        0.39158
    5         3       0.284761     0.00284761        48.3574       0.483574
    5         3       0.372513     0.00372513        57.7003       0.577003
    5         3        0.46025      0.0046025        66.5693       0.665693
    5         3       0.554306     0.00554306        75.7872       0.757872
    5         3        0.64893      0.0064893        84.6838       0.846838
    5         3       0.751151     0.00751151        93.9683       0.939683
    5         3       0.852149     0.00852149        102.991        1.02991
    5         3       0.954556     0.00954556        111.787        1.11787
    5         3        1.06494      0.0106494        120.992        1.20992
    5         3        1.17733      0.0117733        129.997        1.29997
    5         3        1.29207      0.0129207        138.825        1.38825
    5         3        1.41034      0.0141034        147.497        1.47497
    5         3        1.53761      0.0153761        156.593        1.56593
    5         3        1.66719      0.0166719        165.549        1.65549
    5         3        1.80731      0.0180731        174.927        1.74927
    5         3        1.93917      0.0193917        183.638        1.83638
    5         3        2.07987      0.0207987        192.785        1.92785
    5         3        2.22088      0.0222088        201.832        2.01832
    6         0      0.0169618    0.000169618        14.1203       0.141203
    6         0      0.0574021    0.000574021        25.8734       0.258734
    6         0       0.107386     0.00107386        37.9996       0.379996
    6         0       0.165837     0.00165837        50.6334       0.506334
    6         0       0.223725     0.00223725        62.0939       0.620939
    6         0       0.292359     0.00292359        74.5535       0.745535
    6         0       0.360923     0.00360923        86.3446       0.863446
    6         0       0.433844     0.00433844        98.4374       0.984374
    6         0       0.512408     0.00512408        110.861        1.10861
    6         0        0.58971      0.0058971        122.892        1.22892
    6         0       0.668087     0.00668087        134.601        1.34601
    6         0       0.751409     0.00751409        146.746        1.46746
    6         0       0.833822     0.00833822        158.635        1.58635
    6         0       0.922533     0.00922533        170.985        1.70985
    6         0        1.00542      0.0100542        182.457        1.82457
    6         0         1.0955       0.010955        194.427        1.94427
    6         0        1.19092      0.0119092        206.894        2.06894
    6         0        1.28422      0.0128422        218.567        2.18567
    6         0        1.38389      0.0138389        230.762        2.30762
    6         0         1.4849       0.014849        242.846        2.42846
    6         0        1.58845      0.0158845        254.834        2.54834
    6         1      0.0245442    0.000245442        13.1411       0.131411
    6         1      0.0733138    0.000733138        25.5119       0.255119
    6         1       0.127678     0.00127678        37.0285       0.370285
    6         1        0.19269      0.0019269        49.5007       0.495007
    6         1       0.258331     0.00258331        61.0494       0.610494
    6         1       0.335196     0.00335196        73.9992       0.739992
    6         1       0.406864     0.00406864        85.4951       0.854951
    6         1       0.484684     0.00484684        97.5764       0.975764
    6         1       0.561178     0.00561178        109.343        1.09343
    6         1       0.644905     0.00644905        121.722        1.21722
    6         1         0.7278       0.007278         133.84         1.3384
    6         1       0.811172     0.00811172        145.734        1.45734
    6         1       0.894926     0.00894926        157.431        1.57431
    6         1       0.984526     0.00984526        169.774        1.69774
    6         1        1.07576      0.0107576        181.944        1.81944
    6         1        1.16731      0.0116731        193.963        1.93963
    6         1        1.26097      0.0126097         205.85         2.0585
    6         1        1.35736      0.0135736        217.619        2.17619
    6         1        1.45417      0.0145417        229.286        2.29286
    6         1         1.5596       0.015596        241.631        2.41631
    6         1        1.66678      0.0166678        253.887        2.53887
    6         2      0.0248703    0.000248703        16.7681       0.167681
    6         2      0.0586293    0.000586293        25.4405       0.254405
    6         2       0.097181     0.00097181         34.729        0.34729
    6         2       0.134653     0.00134653        43.2164       0.432164
    6         2       0.181645     0.00181645        52.9074       0.529074
    6         2       0.228019     0.00228019        61.8165       0.618165
    6         2       0.279445     0.00279445        70.9374       0.709374
    6         2       0.331387     0.00331387        79.5151       0.795151
    6         2       0.388113     0.00388113        88.3964       0.883964
    6         2       0.448323     0.00448323        97.5828       0.975828
    6         2       0.509788     0.00509788        106.416        1.06416
    6         2       0.575755     0.00575755         115.62         1.1562
    6         2       0.641601     0.00641601         124.57         1.2457
    6         2       0.711306     0.00711306        133.936        1.33936
    6         2       0.777593     0.00777593        142.513        1.42513
    6         2       0.847839     0.00847839        151.562        1.51562
    6         2       0.918078     0.00918078        160.495        1.60495
    6         2        0.99427      0.0099427        169.924        1.69924
    6         2         1.0663       0.010663        178.691        1.78691
    6         2        1.14267      0.0114267        187.983        1.87983
    6         2        1.21665      0.0121665        196.653        1.96653
    6         2        1.29651      0.0129651         205.87         2.0587
    6         3      0.0182378    0.000182378        15.2138       0.152138
    6         3      0.0527543    0.000527543        25.2706       0.252706
    6         3      0.0924532    0.000924532         34.933        0.34933
    6         3       0.140834     0.00140834        45.3881       0.453881
    6         3       0.194177     0.00194177        55.6593       0.556593
    6         3       0.246236     0.00246236        65.1646       0.651646
    6         3       0.309316     0.00309316        75.7924       0.757924
    6         3       0.372401     0.00372401        85.9922       0.859922
    6         3        0.43449      0.0043449        95.8945       0.958945
    6         3       0.497428     0.00497428        105.573        1.05573
    6         3       0.565189     0.00565189        115.795        1.15795
    6         3       0.632036     0.00632036        125.844        1.25844
    6         3       0.699721     0.00699721        135.746        1.35746
    6         3       0.767685     0.00767685        145.517        1.45517
    6         3       0.839022     0.00839022        155.859        1.55859
    6         3       0.907238     0.00907238        165.404        1.65404
    6         3       0.980447     0.00980447        175.529        1.75529
    6         3        1.05313      0.0105313        185.557        1.85557
    6         3        1.12749      0.0112749        195.497        1.95497
    6         3        1.20269      0.0120269        205.359        2.05359
    6         3        1.28416      0.0128416        215.799        2.15799
    7         0      0.0191649    0.000191649        16.8209       0.168209
    7         0      0.0648149    0.000648149        27.9109       0.279109
    7         0       0.108266     0.00108266        37.0741       0.370741
    7         0       0.162174     0.00162174        47.3642       0.473642
    7         0       0.220218     0.00220218        57.9032       0.579032
    7         0       0.278448     0.00278448        67.9342       0.679342
    7         0       0.337427     0.00337427        77.5723       0.775723
    7         0       0.401147     0.00401147        87.6555       0.876555
    7         0       0.463901     0.00463901        97.4305       0.974305
    7         0       0.532764     0.00532764        107.668        1.07668
    7         0       0.600987     0.00600987        117.652        1.17652
    7         0       0.668824     0.00668824        127.419        1.27419
    7         0       0.742525     0.00742525        137.676        1.37676
    7         0       0.815338     0.00815338        147.747        1.47747
    7         0       0.888744     0.00888744        157.659        1.57659
    7         0       0.962867     0.00962867        167.429        1.67429
    7         0        1.04118      0.0104118        177.716        1.77716
    7         0        1.12139      0.0112139         187.88         1.8788
    7         0        1.20282      0.0120282        197.937        1.97937
    7         0         1.2855       0.012855        207.899        2.07899
    7         1       0.026616     0.00026616        13.8804       0.138804
    7         1      0.0613793    0.000613793        22.6572       0.226572
    7         1       0.100965     0.00100965         31.441        0.31441
    7         1       0.144279     0.00144279        40.2922       0.402922
    7         1       0.192386     0.00192386        49.2668       0.492668
    7         1       0.244333     0.00244333        58.4267       0.584267
    7         1       0.302284     0.00302284        67.8316       0.678316
    7         1       0.360227     0.00360227        76.8005       0.768005
    7         1       0.417643     0.00417643        85.4475       0.854475
    7         1       0.479955     0.00479955        94.5359       0.945359
    7         1        0.54274      0.0054274        103.395        1.03395
    7         1       0.609877     0.00609877        112.727        1.12727
    7         1       0.676838     0.00676838        121.881        1.21881
    7         1       0.744542     0.00744542        130.884        1.30884
    7         1       0.811723     0.00811723        139.757        1.39757
    7         1       0.878595     0.00878595        148.517        1.48517
    7         1       0.951376     0.00951376        157.792        1.57792
    7         1        1.02469      0.0102469        166.967        1.66967
    7         1        1.09243      0.0109243         175.45         1.7545
    7         1        1.16736      0.0116736        184.462        1.84462
    7         1        1.24765      0.0124765        193.995        1.93995
    7         1        1.32469      0.0132469        202.867        2.02867
    7         2      0.0238729    0.000238729        12.4498       0.124498
    7         2      0.0516272    0.000516272        20.0153       0.200153
    7         2      0.0854534    0.000854534        28.5225       0.285225
    7         2       0.123522     0.00123522        36.9959       0.369959
    7         2       0.161438     0.00161438        44.7956       0.447956
    7         2       0.203464     0.00203464        52.8324       0.528324
    7         2       0.245488     0.00245488        60.4485       0.604485
    7         2       0.290526     0.00290526         68.388        0.68388
    7         2       0.340198     0.00340198        76.6446       0.766446
    7         2       0.389984     0.00389984        84.6099       0.846099
    7         2       0.443574     0.00443574        92.9178       0.929178
    7         2       0.496918     0.00496918        100.989        1.00989
    7         2       0.549839     0.00549839        108.858        1.08858
    7         2        0.60339      0.0060339         116.55         1.1655
    7         2       0.660909     0.00660909         124.62         1.2462
    7         2       0.717629     0.00717629        132.535        1.32535
    7         2       0.778604     0.00778604        140.826        1.40826
    7         2       0.839797     0.00839797        148.978        1.48978
    7         2       0.897135     0.00897135        156.508        1.56508
    7         2       0.961921     0.00961921        164.924        1.64924
    7         2        1.02381      0.0102381        172.744        1.72744
    7         2           1.09         0.0109        180.956        1.80956
    7         3      0.0158313    0.000158313        16.9404       0.169404
    7         3      0.0564639    0.000564639        26.4205       0.264205
    7         3        0.10604      0.0010604        35.5891       0.355891
    7         3       0.158425     0.00158425        44.7853       0.447853
    7         3       0.210065     0.00210065        53.5779       0.535779
    7         3       0.266763     0.00266763        62.7414       0.627414
    7         3       0.323471     0.00323471        71.6634       0.716634
    7         3       0.379398     0.00379398        80.3894       0.803894
    7         3       0.439934     0.00439934        89.5554       0.895554
    7         3       0.500669     0.00500669        98.5577       0.985577
    7         3       0.560391     0.00560391        107.418        1.07418
    7         3       0.625292     0.00625292        116.729        1.16729
    7         3       0.690098     0.00690098        125.912        1.25912
    7         3       0.753962     0.00753962        134.981        1.34981
    7         3       0.818813     0.00818813        143.946        1.43946
    7         3       0.883799     0.00883799        152.817        1.52817
    7         3       0.947881     0.00947881        161.603        1.61603
    7         3        1.01794      0.0101794        170.853        1.70853
    7         3        1.08266      0.0108266        179.485        1.79485
    7         3        1.15373      0.0115373        188.586        1.88586
    7         3        1.22605      0.0122605        197.619        1.97619
    7         3          1.298        0.01298        206.589        2.06589
    8         0      0.0314237    0.000314237        11.4735       0.114735
    8         0      0.0610519    0.000610519        20.7146       0.207146
    8         0      0.0939721    0.000939721        29.6627       0.296627
    8         0       0.130184     0.00130184        38.5352       0.385352
    8         0       0.169689     0.00169689        47.4442       0.474442
    8         0        0.21289      0.0021289        56.4577       0.564577
    8         0       0.261107     0.00261107        65.6193       0.656193
    8         0       0.312584     0.00312584        74.9573       0.749573
    8         0       0.363884     0.00363884        83.9069       0.839069
    8         0       0.414884     0.00414884        92.5422       0.925422
    8         0       0.469859     0.00469859        101.467        1.01467
    8         0       0.528371     0.00528371        110.679        1.10679
    8         0       0.586817     0.00586817        119.654        1.19654
    8         0        0.64883      0.0064883         128.94         1.2894
    8         0       0.707047     0.00707047        137.532        1.37532
    8         0       0.771818     0.00771818        146.959        1.46959
    8         0       0.833793     0.00833793        155.741        1.55741
    8         0       0.899532     0.00899532        164.875        1.64875
    8         0       0.965642     0.00965642        173.887        1.73887
    8         0        1.03231      0.0103231        182.791        1.82791
    8         1      0.0259769    0.000259769        16.6103       0.166103
    8         1      0.0608523    0.000608523        24.3942       0.243942
    8         1      0.0992153    0.000992153        32.4134       0.324134
    8         1       0.141066     0.00141066         40.641        0.40641
    8         1       0.182916     0.00182916        48.4153       0.484153
    8         1       0.228254     0.00228254        56.4055       0.564055
    8         1       0.277081     0.00277081         64.585        0.64585
    8         1       0.329391     0.00329391        72.9363       0.729363
    8         1       0.381752     0.00381752        80.9298       0.809298
    8         1       0.434183     0.00434183        88.6226       0.886226
    8         1       0.489066     0.00489066        96.5496       0.965496
    8         1       0.548539     0.00548539        104.709        1.04709
    8         1       0.607862     0.00607862        112.641        1.12641
    8         1        0.67072      0.0067072        120.834        1.20834
    8         1       0.733498     0.00733498         128.85         1.2885
    8         1        0.79633      0.0079633        136.721        1.36721
    8         1       0.862032     0.00862032        144.898        1.44898
    8         1       0.928947     0.00928947        152.961        1.52961
    8         1       0.996163     0.00996163        160.933        1.60933
    8         1        1.06401      0.0106401        168.828        1.68828
    8         1        1.13161      0.0113161        176.659        1.76659
    8         2      0.0237586    0.000237586        11.1393       0.111393
    8         2      0.0554647    0.000554647        21.2276       0.212276
    8         2      0.0962297    0.000962297        31.7699       0.317699
    8         2       0.141524     0.00141524         41.861        0.41861
    8         2       0.192551     0.00192551        51.8971       0.518971
    8         2       0.243195     0.00243195        61.2666       0.612666
    8         2       0.303664     0.00303664        71.7742       0.717742
    8         2       0.363134     0.00363134        81.8381       0.818381
    8         2       0.423633     0.00423633         91.557        0.91557
    8         2       0.488957     0.00488957        101.707        1.01707
    8         2       0.553055     0.00553055        111.578        1.11578
    8         2       0.623139     0.00623139        121.887        1.21887
    8         2       0.692963     0.00692963        131.955        1.31955
    8         2       0.762472     0.00762472         141.81         1.4181
    8         2       0.831909     0.00831909        151.477        1.51477
    8         2       0.906897     0.00906897        161.604        1.61604
    8         2       0.982374     0.00982374        171.559        1.71559
    8         2        1.06236      0.0106236        181.972        1.81972
    8         2        1.13967      0.0113967        191.631        1.91631
    8         2        1.22213      0.0122213        201.761        2.01761
    8         3      0.0278791    0.000278791        19.2532       0.192532
    8         3      0.0576115    0.000576115        26.5961       0.265961
    8         3      0.0903171    0.000903171        33.5093       0.335093
    8         3       0.125996     0.00125996        40.5237       0.405237
    8         3       0.164678     0.00164678        47.7648       0.477648
    8         3       0.204223     0.00204223        54.7474       0.547474
    8         3       0.242925     0.00242925        61.5306       0.615306
    8         3       0.285395     0.00285395        68.6535       0.686535
    8         3       0.328047     0.00328047        75.6162       0.756162
    8         3       0.373867     0.00373867         82.923        0.82923
    8         3       0.415992     0.00415992        89.6169       0.896169
    8         3       0.460938     0.00460938        96.6692       0.966692
    8         3       0.506774     0.00506774         103.61         1.0361
    8         3       0.555693     0.00555693        110.904        1.10904
    8         3       0.601045     0.00601045        117.648        1.17648
    8         3       0.648753     0.00648753         124.75         1.2475
    8         3       0.697712     0.00697712        131.766        1.31766
    8         3       0.746172     0.00746172        138.703        1.38703
    8         3       0.796966     0.00796966        145.994        1.45994
    8         3       0.845793     0.00845793        152.789        1.52789
    8         3        0.89782      0.0089782         159.94         1.5994
    9         0     0.00747264    7.47264e-05        14.9567       0.149567
    9         0      0.0378678    0.000378678        23.2144       0.232144
    9         0      0.0758617    0.000758617        31.3183       0.313183
    9         0       0.117655     0.00117655        39.3604       0.393604
    9         0       0.163249     0.00163249        47.6091       0.476091
    9         0        0.20357      0.0020357        55.5054       0.555054
    9         0       0.249395     0.00249395        63.7682       0.637682
    9         0       0.294701     0.00294701        71.7915       0.717915
    9         0       0.340001     0.00340001        79.6165       0.796165
    9         0       0.389063     0.00389063        87.8546       0.878546
    9         0       0.437131     0.00437131        95.9226       0.959226
    9         0       0.486108     0.00486108        103.841        1.03841
    9         0       0.535144     0.00535144        111.626        1.11626
    9         0       0.587639     0.00587639        119.834        1.19834
    9         0       0.640141     0.00640141        127.919        1.27919
    9         0       0.692573     0.00692573        135.891        1.35891
    9         0       0.744235     0.00744235         143.76         1.4376
    9         0       0.797058     0.00797058        151.536        1.51536
    9         0       0.853104     0.00853104        159.736        1.59736
    9         0       0.909627     0.00909627        167.846        1.67846
    9         0       0.966362     0.00966362        175.874        1.75874
    9         1      0.0242578    0.000242578        17.8866       0.178866
    9         1      0.0589399    0.000589399        27.3411       0.273411
    9         1       0.100558     0.00100558        36.4224       0.364224
    9         1       0.145645     0.00145645        45.4093       0.454093
    9         1       0.194816     0.00194816        54.5888       0.545888
    9         1       0.243823     0.00243823        63.4375       0.634375
    9         1        0.29678      0.0029678        72.6517       0.726517
    9         1       0.348849     0.00348849          81.65         0.8165
    9         1       0.401774     0.00401774        90.4705       0.904705
    9         1       0.458298     0.00458298        99.7127       0.997127
    9         1       0.514877     0.00514877        108.806        1.08806
    9         1       0.571676     0.00571676        117.769        1.17769
    9         1       0.627424     0.00627424        126.615        1.26615
    9         1       0.687468     0.00687468        135.899        1.35899
    9         1       0.743991     0.00743991        144.539        1.44539
    9         1       0.804166     0.00804166        153.624        1.53624
    9         1       0.864531     0.00864531         162.62         1.6262
    9         1       0.924458     0.00924458        171.534        1.71534
    9         1       0.988761     0.00988761         180.89         1.8089
    9         1        1.05013      0.0105013        189.655        1.89655
    9         1        1.11591      0.0111591        198.864        1.98864
    9         2      0.0188464    0.000188464        19.0404       0.190404
    9         2      0.0583792    0.000583792        28.5607       0.285607
    9         2         0.1051       0.001051        37.5886       0.375886
    9         2       0.155436     0.00155436        46.5021       0.465021
    9         2       0.206726     0.00206726        55.5844       0.555844
    9         2       0.262724     0.00262724        64.9341       0.649341
    9         2        0.31477      0.0031477        73.4701       0.734701
    9         2       0.373976     0.00373976        82.9354       0.829354
    9         2       0.429696     0.00429696        91.6777       0.916777
    9         2       0.488037     0.00488037        100.818        1.00818
    9         2       0.547294     0.00547294        109.825        1.09825
    9         2       0.606531     0.00606531        118.717        1.18717
    9         2       0.665785     0.00665785        127.506        1.27506
    9         2       0.728701     0.00728701        136.711        1.36711
    9         2       0.790493     0.00790493        145.824        1.45824
    9         2       0.853532     0.00853532        154.852        1.54852
    9         2       0.916756     0.00916756        163.805        1.63805
    9         2       0.980135     0.00980135        172.688        1.72688
    9         2        1.04744      0.0104744        181.995        1.81995
    9         2        1.11131      0.0111131        190.752        1.90752
    9         2        1.18064      0.0118064        199.936        1.99936
    9         3      0.0262451    0.000262451        15.6728       0.156728
    9         3      0.0525288    0.000525288        22.8689       0.228689
    9         3      0.0846534    0.000846534         29.917        0.29917
    9         3       0.119698     0.00119698        36.7921       0.367921
    9         3        0.15752      0.0015752        43.7412       0.437412
    9         3       0.198729     0.00198729        50.8586       0.508586
    9         3       0.239925     0.00239925        57.7059       0.577059
    9         3       0.283478     0.00283478        64.8135       0.648135
    9         3       0.327142     0.00327142        71.7298       0.717298
    9         3       0.374416     0.00374416        78.9323       0.789323
    9         3       0.421709     0.00421709         85.981        0.85981
    9         3       0.468159     0.00468159        92.8962       0.928962
    9         3       0.514718     0.00514718        99.6938       0.996938
    9         3       0.565011     0.00565011        106.802        1.06802
    9         3       0.615286     0.00615286        113.804        1.13804
    9         3       0.664806     0.00664806        120.711        1.20711
    9         3       0.717273     0.00717273        127.931        1.27931
    9         3       0.767501     0.00767501        134.669        1.34669
    9         3       0.820654     0.00820654        141.726        1.41726
    9         3       0.872928     0.00872928        148.709        1.48709
    9         3       0.926131     0.00926131        155.625        1.55625
    9         3       0.982901     0.00982901        162.858        1.62858
    9         3        1.03683      0.0103683        169.652        1.69652
   10         0      0.0212034    0.000212034        8.84212      0.0884212
   10         0      0.0437368    0.000437368        16.4518       0.164518
   10         0      0.0694893    0.000694893        23.6885       0.236885
   10         0      0.0984608    0.000984608        30.7772       0.307772
   10         0       0.130651     0.00130651        37.8777       0.378777
   10         0       0.163609     0.00163609         44.468        0.44468
   10         0       0.201868     0.00201868        51.9353       0.519353
   10         0       0.237893     0.00237893        58.4817       0.584817
   10         0       0.280483     0.00280483        65.9431       0.659431
   10         0       0.319598     0.00319598        72.6186       0.726186
   10         0       0.362198     0.00362198         79.659        0.79659
   10         0       0.404694     0.00404694        86.5275       0.865275
   10         0        0.45045      0.0045045        93.7548       0.937548
   10         0       0.496443     0.00496443        100.825        1.00825
   10         0       0.542298     0.00542298        107.754        1.07754
   10         0       0.587488     0.00587488        114.554        1.14554
   10         0       0.636538     0.00636538        121.709        1.21709
   10         0       0.685705     0.00685705        128.741        1.28741
   10         0       0.734945     0.00734945         135.66         1.3566
   10         0       0.787471     0.00787471        142.926        1.42926
   10         0       0.836478     0.00836478        149.639        1.49639
   10         0       0.889277     0.00889277        156.703        1.56703
   10         1      0.0234107    0.000234107        14.9975       0.149975
   10         1      0.0519878    0.000519878        22.6778       0.226778
   10         1       0.084137     0.00084137        29.4299       0.294299
   10         1       0.123431     0.00123431        36.8351       0.368351
   10         1       0.162686     0.00162686        43.7831       0.437831
   10         1        0.20292      0.0020292        50.4512       0.504512
   10         1       0.246908     0.00246908        57.5004       0.575004
   10         1       0.294556     0.00294556        64.9348       0.649348
   10         1        0.33752      0.0033752        71.6475       0.716475
   10         1       0.385054     0.00385054         78.784        0.78784
   10         1       0.432842     0.00432842        85.7993       0.857993
   10         1       0.480427     0.00480427        92.7081       0.927081
   10         1        0.52825      0.0052825        99.5222       0.995222
   10         1       0.578716     0.00578716        106.766        1.06766
   10         1       0.629962     0.00629962         113.92         1.1392
   10         1       0.681327     0.00681327        120.992        1.20992
   10         1       0.732667     0.00732667         127.99         1.2799
   10         1       0.784184     0.00784184         134.92         1.3492
   10         1       0.834636     0.00834636        141.786        1.41786
   10         1       0.886413     0.00886413        148.593        1.48593
   10         1       0.941871     0.00941871        155.824        1.55824
   10         1       0.997742     0.00997742        162.997        1.62997
   10         1        1.04979      0.0104979        169.642        1.69642
   10         2     0.00539038    5.39038e-05        9.83418      0.0983418
   10         2      0.0411686    0.000411686        17.9107       0.179107
   10         2      0.0809221    0.000809221        25.8587       0.258587
   10         2       0.124651     0.00124651        33.9061       0.339061
   10         2       0.166661     0.00166661         41.437        0.41437
   10         2       0.211402     0.00211402        49.8199       0.498199
   10         2       0.257193     0.00257193        57.7496       0.577496
   10         2       0.306167     0.00306167        65.8743       0.658743
   10         2       0.355343     0.00355343        73.6414       0.736414
   10         2       0.408005     0.00408005        81.6316       0.816316
   10         2       0.463799     0.00463799        89.8366       0.898366
   10         2        0.51945      0.0051945        97.7648       0.977648
   10         2       0.579364     0.00579364        105.932        1.05932
   10         2       0.639176     0.00639176        113.874        1.13874
   10         2       0.698927     0.00698927        121.625        1.21625
   10         2       0.761677     0.00761677        129.651        1.29651
   10         2       0.827938     0.00827938         137.95         1.3795
   10         2       0.891519     0.00891519        145.672        1.45672
   10         2       0.958928     0.00958928        153.695        1.53695
   10         2        1.02674      0.0102674        161.603        1.61603
   10         2        1.09798      0.0109798        169.821        1.69821
   10         3      0.0328262    0.000328262        18.4715       0.184715
   10         3      0.0655833    0.000655833        25.7292       0.257292
   10         3      0.0983403    0.000983403        32.6433       0.326433
   10         3       0.134737     0.00134737        39.9997       0.399997
   10         3       0.167652     0.00167652        46.3723       0.463723
   10         3        0.20905      0.0020905        53.8873       0.538873
   10         3       0.246538     0.00246538        60.4917       0.604917
   10         3        0.28694      0.0028694        67.5381       0.675381
   10         3       0.331871     0.00331871        74.9957       0.749957
   10         3       0.373323     0.00373323        81.6465       0.816465
   10         3        0.41847      0.0041847        88.7225       0.887225
   10         3       0.463206     0.00463206        95.6319       0.956319
   10         3       0.511539     0.00511539        102.949        1.02949
   10         3        0.55673      0.0055673        109.565        1.09565
   10         3       0.605559     0.00605559        116.597        1.16597
   10         3       0.654504     0.00654504        123.503        1.23503
   10         3       0.706857     0.00706857        130.812        1.30812
   10         3        0.75505      0.0075505        137.492        1.37492
   10         3       0.807842     0.00807842        144.582        1.44582
   10         3       0.860524     0.00860524        151.574        1.51574
   10         3       0.917451     0.00917451        158.966        1.58966
   10         3        0.96974      0.0096974        165.782        1.65782
   11         0      0.0346005    0.000346005        13.8277       0.138277
   11         0      0.0554963    0.000554963         20.251        0.20251
   11         0       0.081616     0.00081616        27.4432       0.274432
   11         0       0.110348     0.00110348        34.6675       0.346675
   11         0       0.141691     0.00141691        41.9846       0.419846
   11         0       0.173197     0.00173197        48.8683       0.488683
   11         0       0.206953     0.00206953        55.9475       0.559475
   11         0       0.242253     0.00242253        62.7114       0.627114
   11         0       0.280214     0.00280214        69.7064       0.697064
   11         0       0.320643     0.00320643         76.924        0.76924
   11         0       0.361251     0.00361251        83.9003       0.839003
   11         0       0.401548     0.00401548        90.6713       0.906713
   11         0       0.444072     0.00444072         97.699        0.97699
   11         0       0.490099     0.00490099        104.976        1.04976
   11         0       0.533426     0.00533426        111.671        1.11671
   11         0       0.579443     0.00579443         118.64         1.1864
   11         0       0.628114     0.00628114        125.878        1.25878
   11         0       0.676585     0.00676585        132.989        1.32989
   11         0       0.724591     0.00724591        139.989        1.39989
   11         0       0.773168     0.00773168        146.892        1.46892
   11         0        0.82179      0.0082179        153.707        1.53707
   11         0       0.873194     0.00873194        160.819        1.60819
   11         0       0.924987     0.00924987        167.855        1.67855
   11         1      0.0392749    0.000392749        27.8202       0.278202
   11         1      0.0794534    0.000794534        34.8298       0.348298
   11         1       0.119632     0.00119632        41.7508       0.417508
   11         1       0.159771     0.00159771        48.5756       0.485756
   11         1       0.203664     0.00203664        55.7715       0.557715
   11         1       0.247484     0.00247484        62.8395       0.628395
   11         1       0.291207     0.00291207        69.7746       0.697746
   11         1       0.335437     0.00335437        76.5754       0.765754
   11         1       0.382702     0.00382702        83.6837       0.836837
   11         1       0.429748     0.00429748        90.6468       0.906468
   11         1       0.479319     0.00479319        97.8954       0.978954
   11         1       0.526463     0.00526463        104.588        1.04588
   11         1       0.579774     0.00579774        111.982        1.11982
   11         1       0.629743     0.00629743         118.85         1.1885
   11         1       0.679393     0.00679393         125.62         1.2562
   11         1       0.732555     0.00732555        132.698        1.32698
   11         1       0.785706     0.00785706          139.7          1.397
   11         1        0.83841      0.0083841         146.64         1.4664
   11         1        0.89428      0.0089428        153.915        1.53915
   11         1       0.948051     0.00948051        160.771        1.60771
   11         2      0.0269787    0.000269787        17.9144       0.179144
   11         2      0.0508958    0.000508958        23.8091       0.238091
   11         2      0.0795963    0.000795963        29.7135       0.297135
   11         2       0.110689     0.00110689        35.5957       0.355957
   11         2       0.144172     0.00144172         41.617        0.41617
   11         2       0.180211     0.00180211        47.8374       0.478374
   11         2       0.216634     0.00216634         53.885        0.53885
   11         2       0.252987     0.00252987        59.7972       0.597972
   11         2       0.291752     0.00291752        65.9812       0.659812
   11         2       0.327603     0.00327603        71.6805       0.716805
   11         2       0.366137     0.00366137        77.6685       0.776685
   11         2       0.407553     0.00407553        83.9395       0.839395
   11         2       0.446495     0.00446495        89.7645       0.897645
   11         2       0.488014     0.00488014        95.8794       0.958794
   11         2       0.529413     0.00529413        101.925        1.01925
   11         2        0.57073      0.0057073        107.906        1.07906
   11         2       0.612013     0.00612013        113.829        1.13829
   11         2        0.65338      0.0065338        119.696        1.19696
   11         2       0.697243     0.00697243        125.854        1.25854
   11         2       0.740972     0.00740972        131.959        1.31959
   11         2       0.782417     0.00782417        137.679        1.37679
   11         2       0.826301     0.00826301         143.69         1.4369
   11         3      0.0253185    0.000253185        19.3871       0.193871
   11         3      0.0573787    0.000573787        26.3307       0.263307
   11         3      0.0965633    0.000965633          33.76         0.3376
   11         3       0.135748     0.00135748        40.7896       0.407896
   11         3       0.175528     0.00175528        47.5625       0.475625
   11         3       0.218245     0.00218245        54.7237       0.547237
   11         3       0.263047     0.00263047         61.687        0.61687
   11         3        0.30636      0.0030636        68.4792       0.684792
   11         3       0.352974     0.00352974        75.6673       0.756673
   11         3       0.400601     0.00400601        82.6977       0.826977
   11         3       0.448109     0.00448109        89.5862       0.895862
   11         3       0.499352     0.00499352        96.8614       0.968614
   11         3       0.546866     0.00546866        103.496        1.03496
   11         3       0.597154     0.00597154        110.521        1.10521
   11         3       0.652119     0.00652119        117.923        1.17923
   11         3       0.703362     0.00703362        124.724        1.24724
   11         3       0.758442     0.00758442        131.905        1.31905
   11         3       0.812671     0.00812671        138.985        1.38985
   11         3       0.867172     0.00867172        145.972        1.45972
   11         3        0.92251      0.0092251        152.873        1.52873
