 *tel    numcsi   CsIInChannel     errCsIInChannel           CsIE       errCsIE
    0         0             92            0.5        13.8504       0.138504
    0         0            146            0.5        26.8951       0.268951
    0         0            212            0.5        39.8981       0.398981
    0         0            290            0.5        53.9842       0.539842
    0         0            362            0.5         66.551        0.66551
    0         0            440            0.5        79.9386       0.799386
    0         0            512            0.5        92.1525       0.921525
    0         0            590            0.5        105.256        1.05256
    0         0            668            0.5        118.239        1.18239
    0         0            746            0.5        131.114        1.31114
    0         0            830            0.5         144.87         1.4487
    0         0            908            0.5        157.552        1.57552
    0         0            986            0.5        170.156        1.70156
    0         0           1070            0.5        183.652        1.83652
    0         0           1148            0.5        196.119        1.96119
    0         0           1232            0.5        209.485        2.09485
    0         0           1316            0.5        222.796        2.22796
    0         0           1394            0.5        235.113        2.35113
    0         0           1478            0.5        248.337        2.48337
    0         0           1562            0.5        261.523        2.61523
    0         0           1646            0.5        274.678        2.74678
    0         0           1730            0.5        287.806        2.87806
    0         1             76            0.5        11.3834       0.113834
    0         1            148            0.5        26.9714       0.269714
    0         1            232            0.5        43.9882       0.439882
    0         1            310            0.5        59.0869       0.590869
    0         1            400            0.5        75.8989       0.758989
    0         1            484            0.5        91.1401       0.911401
    0         1            574            0.5        107.096        1.07096
    0         1            670            0.5        123.779        1.23779
    0         1            760            0.5        139.168        1.39168
    0         1            856            0.5        155.369        1.55369
    0         1            952            0.5        171.389        1.71389
    0         1           1048            0.5        187.265        1.87265
    0         1           1144            0.5        203.021        2.03021
    0         1           1246            0.5        219.655        2.19655
    0         1           1342            0.5        235.228        2.35228
    0         1           1444            0.5        251.703        2.51703
    0         1           1540            0.5        267.153        2.67153
    0         1           1642            0.5         283.52         2.8352
    0         1           1744            0.5        299.844        2.99844
    0         1           1840            0.5        315.176        3.15176
    0         1           1942            0.5        331.441        3.31441
    0         2             93            0.5        12.3115       0.123115
    0         2            165            0.5        27.5603       0.275603
    0         2            243            0.5        42.8753       0.428753
    0         2            321            0.5        57.5868       0.575868
    0         2            405            0.5        72.9435       0.729435
    0         2            489            0.5        87.9067       0.879067
    0         2            573            0.5        102.553        1.02553
    0         2            663            0.5        117.957        1.17957
    0         2            747            0.5        132.108        1.32108
    0         2            837            0.5        147.068        1.47068
    0         2            933            0.5         162.83         1.6283
    0         2           1023            0.5        177.449        1.77449
    0         2           1119            0.5          192.9          1.929
    0         2           1209            0.5         207.27         2.0727
    0         2           1305            0.5         222.49         2.2249
    0         2           1401            0.5        237.613        2.37613
    0         2           1497            0.5        252.651        2.52651
    0         2           1593            0.5        267.614        2.67614
    0         2           1689            0.5        282.509        2.82509
    0         2           1785            0.5        297.346        2.97346
    0         2           1881            0.5        312.129        3.12129
    0         3             45            0.5        13.2023       0.132023
    0         3            111            0.5        27.6633       0.276633
    0         3            177            0.5        40.9196       0.409196
    0         3            255            0.5         55.978        0.55978
    0         3            327            0.5        69.4675       0.694675
    0         3            405            0.5        83.7405       0.837405
    0         3            483            0.5        97.7305       0.977305
    0         3            561            0.5        111.491        1.11491
    0         3            639            0.5        125.061        1.25061
    0         3            723            0.5        139.498        1.39498
    0         3            807            0.5        153.781        1.53781
    0         3            891            0.5        167.935        1.67935
    0         3            975            0.5         181.98         1.8198
    0         3           1059            0.5        195.932        1.95932
    0         3           1143            0.5        209.805        2.09805
    0         3           1227            0.5        223.609        2.23609
    0         3           1311            0.5        237.354        2.37354
    0         3           1395            0.5        251.047        2.51047
    0         3           1485            0.5         265.67         2.6567
    0         3           1569            0.5        279.278        2.79278
    0         3           1659            0.5         293.82         2.9382
    0         3           1743            0.5        307.362        3.07362
    1         0   6.95264e-310   4.94066e-324              0   6.95264e-310
    1         0            176            0.5        28.7589       0.287589
    1         0            267            0.5        45.9266       0.459266
    1         0            365            0.5        62.8762       0.628762
    1         0            463            0.5        79.2908       0.792908
    1         0            568            0.5        96.5552       0.965552
    1         0            673            0.5        113.564        1.13564
    1         0            778            0.5        130.356        1.30356
    1         0            883            0.5        146.955        1.46955
    1         0            995            0.5        164.477        1.64477
    1         0           1107            0.5        181.831        1.81831
    1         0           1212            0.5        197.972        1.97972
    1         0           1324            0.5        215.068        2.15068
    1         0           1436            0.5        232.057        2.32057
    1         0           1548            0.5        248.955        2.48955
    1         0           1667            0.5        266.823        2.66823
    1         0           1779            0.5        283.569        2.83569
    1         0           1891            0.5        300.256        3.00256
    1         0           2010            0.5        317.931        3.17931
    1         0           2122            0.5         334.52         3.3452
    1         0           2234            0.5        351.072        3.51072
    1         1             93            0.5        11.9123       0.119123
    1         1            189            0.5         30.453        0.30453
    1         1            285            0.5        48.1012       0.481012
    1         1            389            0.5        66.5662       0.665662
    1         1            493            0.5        84.5215       0.845215
    1         1            597            0.5        102.078        1.02078
    1         1            709            0.5        120.627        1.20627
    1         1            821            0.5        138.874        1.38874
    1         1            933            0.5        156.872        1.56872
    1         1           1045            0.5        174.663        1.74663
    1         1           1157            0.5         192.28         1.9228
    1         1           1277            0.5         210.99         2.1099
    1         1           1389            0.5         228.32         2.2832
    1         1           1509            0.5        246.767        2.46767
    1         1           1621            0.5        263.885        2.63885
    1         1           1741            0.5        282.132        2.82132
    1         1           1861            0.5        300.295        3.00295
    1         1           1981            0.5         318.38         3.1838
    1         1           2101            0.5        336.396        3.36396
    1         1           2221            0.5         354.35         3.5435
    1         1           2341            0.5        372.246        3.72246
    1         2             78            0.5        13.0043       0.130043
    1         2            156            0.5        28.7685       0.287685
    1         2            234            0.5        43.7999       0.437999
    1         2            312            0.5        58.3349       0.583349
    1         2            396            0.5         73.565        0.73565
    1         2            480            0.5        88.4475       0.884475
    1         2            564            0.5        103.049        1.03049
    1         2            654            0.5        118.439        1.18439
    1         2            744            0.5         133.61         1.3361
    1         2            834            0.5        148.599        1.48599
    1         2            924            0.5        163.435        1.63435
    1         2           1014            0.5         178.14         1.7814
    1         2           1110            0.5        193.705        1.93705
    1         2           1200            0.5        208.199        2.08199
    1         2           1296            0.5         223.57         2.2357
    1         2           1392            0.5         238.86         2.3886
    1         2           1482            0.5        253.131        2.53131
    1         2           1578            0.5        268.296        2.68296
    1         2           1674            0.5        283.406        2.83406
    1         2           1770            0.5        298.471        2.98471
    1         2           1866            0.5        313.492        3.13492
    1         3            104            0.5        11.7332       0.117332
    1         3            170            0.5        27.0671       0.270671
    1         3            242            0.5        41.8692       0.418692
    1         3            320            0.5        57.0297       0.570297
    1         3            404            0.5        72.7213       0.727213
    1         3            488            0.5        87.9467       0.879467
    1         3            572            0.5        102.823        1.02823
    1         3            656            0.5        117.429        1.17429
    1         3            746            0.5        132.841        1.32841
    1         3            830            0.5        147.049        1.47049
    1         3            920            0.5        162.118        1.62118
    1         3           1010            0.5        177.058        1.77058
    1         3           1106            0.5         192.88         1.9288
    1         3           1196            0.5        207.625        2.07625
    1         3           1286            0.5        222.301        2.22301
    1         3           1382            0.5        237.893        2.37893
    1         3           1472            0.5        252.464        2.52464
    1         3           1568            0.5        267.964        2.67964
    1         3           1658            0.5        282.464        2.82464
    1         3           1754            0.5        297.904        2.97904
    1         3           1844            0.5        312.358        3.12358
    2         0             74            0.5         12.486        0.12486
    2         0            134            0.5        26.4385       0.264385
    2         0            206            0.5        40.0647       0.400647
    2         0            284            0.5        54.0763       0.540763
    2         0            368            0.5        68.8818       0.688818
    2         0            446            0.5         82.423        0.82423
    2         0            530            0.5        96.7818       0.967818
    2         0            614            0.5        110.912        1.10912
    2         0            698            0.5        124.827        1.24827
    2         0            782            0.5        138.546        1.38546
    2         0            866            0.5        152.087        1.52087
    2         0            956            0.5        166.422        1.66422
    2         0           1046            0.5        180.598        1.80598
    2         0           1136            0.5        194.635        1.94635
    2         0           1226            0.5        208.551        2.08551
    2         0           1316            0.5        222.362        2.22362
    2         0           1412            0.5         236.99         2.3699
    2         0           1502            0.5         250.62         2.5062
    2         0           1592            0.5        264.181        2.64181
    2         0           1688            0.5        278.578        2.78578
    2         0           1784            0.5        292.913        2.92913
    2         1            102            0.5        10.4571       0.104571
    2         1            152            0.5        24.5617       0.245617
    2         1            212            0.5         38.411        0.38411
    2         1            282            0.5        52.9908       0.529908
    2         1            352            0.5        66.8185       0.668185
    2         1            422            0.5        80.2346       0.802346
    2         1            497            0.5        94.3085       0.943085
    2         1            572            0.5        108.154        1.08154
    2         1            652            0.5        122.727        1.22727
    2         1            727            0.5        136.243        1.36243
    2         1            807            0.5        150.533        1.50533
    2         1            887            0.5        164.719        1.64719
    2         1            967            0.5        178.818        1.78818
    2         1           1047            0.5        192.849        1.92849
    2         1           1127            0.5        206.824        2.06824
    2         1           1207            0.5        220.756        2.20756
    2         1           1287            0.5        234.654        2.34654
    2         1           1367            0.5        248.525        2.48525
    2         1           1447            0.5        262.379        2.62379
    2         1           1527            0.5        276.219        2.76219
    2         1           1612            0.5        290.915        2.90915
    2         2             76            0.5        11.3748       0.113748
    2         2            126            0.5        21.9927       0.219927
    2         2            181            0.5        33.0405       0.330405
    2         2            241            0.5        44.5528       0.445528
    2         2            301            0.5         55.629        0.55629
    2         2            361            0.5        66.3577       0.663577
    2         2            426            0.5        77.6635       0.776635
    2         2            491            0.5        88.6995       0.886995
    2         2            556            0.5        99.5137       0.995137
    2         2            626            0.5        110.954        1.10954
    2         2            691            0.5        121.418        1.21418
    2         2            761            0.5        132.543        1.32543
    2         2            831            0.5        143.542        1.43542
    2         2            901            0.5        154.437        1.54437
    2         2            971            0.5        165.244        1.65244
    2         2           1046            0.5        176.738        1.76738
    2         2           1116            0.5        187.401        1.87401
    2         2           1191            0.5        198.767        1.98767
    2         2           1261            0.5         209.33         2.0933
    2         2           1336            0.5        220.606        2.20606
    2         2           1411            0.5        231.847        2.31847
    2         2           1481            0.5         242.31         2.4231
    2         3             99            0.5        9.86739      0.0986739
    2         3            154            0.5        24.6477       0.246477
    2         3            219            0.5        38.3379       0.383379
    2         3            294            0.5        52.7666       0.527666
    2         3            369            0.5        66.6654       0.666654
    2         3            444            0.5        80.2594       0.802594
    2         3            524            0.5        94.4956       0.944956
    2         3            604            0.5        108.494        1.08494
    2         3            684            0.5        122.282        1.22282
    2         3            769            0.5        136.727        1.36727
    2         3            854            0.5        150.986        1.50986
    2         3            934            0.5        164.258        1.64258
    2         3           1019            0.5        178.223        1.78223
    2         3           1109            0.5        192.876        1.92876
    2         3           1194            0.5        206.604        2.06604
    2         3           1279            0.5         220.24         2.2024
    2         3           1369            0.5        234.592        2.34592
    2         3           1459            0.5        248.865        2.48865
    2         3           1544            0.5        262.285        2.62285
    2         3           1634            0.5        276.436        2.76436
    2         3           1724            0.5        290.538        2.90538
    3         0             76            0.5        12.2057       0.122057
    3         0            121            0.5        23.6208       0.236208
    3         0            176            0.5        34.9178       0.349178
    3         0            231            0.5        45.1137       0.451137
    3         0            296            0.5        56.5696       0.565696
    3         0            361            0.5        67.6883       0.676883
    3         0            426            0.5        78.5852       0.785852
    3         0            491            0.5        89.3083       0.893083
    3         0            561            0.5         100.69         1.0069
    3         0            631            0.5        111.921        1.11921
    3         0            696            0.5        122.229        1.22229
    3         0            771            0.5        133.993        1.33993
    3         0            841            0.5        144.863        1.44863
    3         0            911            0.5        155.638        1.55638
    3         0            981            0.5        166.328        1.66328
    3         0           1056            0.5        177.698        1.77698
    3         0           1131            0.5        188.992        1.88992
    3         0           1201            0.5        199.473        1.99473
    3         0           1276            0.5        210.645        2.10645
    3         0           1351            0.5        221.764        2.21764
    3         0           1426            0.5        232.838        2.32838
    3         0           1501            0.5         243.87         2.4387
    3         1            110            0.5        14.9511       0.149511
    3         1            150            0.5        24.2898       0.242898
    3         1            198            0.5        34.7896       0.347896
    3         1            246            0.5         44.692        0.44692
    3         1            298            0.5        54.8849       0.548849
    3         1            350            0.5        64.6315       0.646315
    3         1            406            0.5         74.727        0.74727
    3         1            462            0.5        84.4878       0.844878
    3         1            522            0.5        94.6479       0.946479
    3         1            582            0.5         104.56         1.0456
    3         1            646            0.5        114.915        1.14915
    3         1            706            0.5        124.458        1.24458
    3         1            770            0.5        134.496        1.34496
    3         1            834            0.5        144.418        1.44418
    3         1            902            0.5        154.859        1.54859
    3         1            966            0.5         164.61         1.6461
    3         1           1034            0.5        174.909        1.74909
    3         1           1098            0.5        184.556        1.84556
    3         1           1166            0.5         194.77         1.9477
    3         1           1234            0.5        204.957        2.04957
    3         2             97            0.5        13.5117       0.135117
    3         2            130            0.5        23.8934       0.238934
    3         2            163            0.5        33.5261       0.335261
    3         2            199            0.5        43.4294       0.434294
    3         2            238            0.5        53.6277       0.536277
    3         2            277            0.5        63.4075       0.634075
    3         2            319            0.5        73.5802       0.735802
    3         2            361            0.5        83.4629       0.834629
    3         2            406            0.5        93.8009       0.938009
    3         2            451            0.5        103.935        1.03935
    3         2            496            0.5        113.909        1.13909
    3         2            541            0.5        123.756        1.23756
    3         2            586            0.5        133.504        1.33504
    3         2            634            0.5        143.816        1.43816
    3         2            679            0.5         153.42         1.5342
    3         2            727            0.5        163.615        1.63615
    3         2            775            0.5         173.77         1.7377
    3         2            823            0.5          183.9          1.839
    3         2            868            0.5        193.379        1.93379
    3         2            916            0.5        203.482        2.03482
    3         2            964            0.5         213.58         2.1358
    3         2           1012            0.5        223.682        2.23682
    3         3             81            0.5        12.9656       0.129656
    3         3            126            0.5        23.8905       0.238905
    3         3            176            0.5         34.175        0.34175
    3         3            236            0.5        45.5138       0.455138
    3         3            296            0.5        56.2559       0.562559
    3         3            361            0.5        67.4371       0.674371
    3         3            426            0.5        78.2557       0.782557
    3         3            496            0.5        89.5836       0.895836
    3         3            566            0.5        100.639        1.00639
    3         3            636            0.5        111.472        1.11472
    3         3            711            0.5        122.873        1.22873
    3         3            781            0.5        133.357        1.33357
    3         3            856            0.5        144.451        1.44451
    3         3            931            0.5        155.424        1.55424
    3         3           1006            0.5          166.3          1.663
    3         3           1086            0.5         177.81         1.7781
    3         3           1161            0.5        188.534        1.88534
    3         3           1241            0.5        199.914        1.99914
    3         3           1316            0.5        210.537        2.10537
    3         3           1396            0.5        221.832        2.21832
    3         3           1471            0.5        232.394        2.32394
    4         0            106            0.5        8.19329      0.0819329
    4         0            151            0.5          19.16         0.1916
    4         0            211            0.5        30.4847       0.304847
    4         0            276            0.5        41.2123       0.412123
    4         0            351            0.5        52.7631       0.527631
    4         0            426            0.5        63.8315       0.638315
    4         0            501            0.5        74.5686       0.745686
    4         0            581            0.5        85.7344       0.857344
    4         0            661            0.5        96.6524       0.966524
    4         0            741            0.5         107.36         1.0736
    4         0            826            0.5        118.537        1.18537
    4         0            911            0.5        129.537        1.29537
    4         0            996            0.5        140.385        1.40385
    4         0           1086            0.5        151.727        1.51727
    4         0           1176            0.5        162.942        1.62942
    4         0           1261            0.5        173.433        1.73433
    4         0           1351            0.5         184.45         1.8445
    4         0           1446            0.5         195.99         1.9599
    4         0           1536            0.5        206.851        2.06851
    4         0           1626            0.5        217.651        2.17651
    4         0           1721            0.5        228.996        2.28996
    4         1             78            0.5        9.33861      0.0933861
    4         1            126            0.5        20.3658       0.203658
    4         1            186            0.5        31.5078       0.315078
    4         1            258            0.5         42.981        0.42981
    4         1            330            0.5        53.4484       0.534484
    4         1            408            0.5        64.2207       0.642207
    4         1            492            0.5          75.46         0.7546
    4         1            576            0.5        86.4702       0.864702
    4         1            660            0.5        97.3227       0.973227
    4         1            750            0.5        108.817        1.08817
    4         1            834            0.5        119.445        1.19445
    4         1            924            0.5         130.74         1.3074
    4         1           1014            0.5        141.953        1.41953
    4         1           1098            0.5        152.355        1.52355
    4         1           1188            0.5        163.439        1.63439
    4         1           1278            0.5        174.468        1.74468
    4         1           1368            0.5        185.448        1.85448
    4         1           1458            0.5        196.385        1.96385
    4         1           1548            0.5        207.284        2.07284
    4         1           1644            0.5        218.874        2.18874
    4         1           1734            0.5        229.709        2.29709
    4         1           1824            0.5         240.52         2.4052
    4         2            104            0.5        8.41113      0.0841113
    4         2            152            0.5        19.8213       0.198213
    4         2            206            0.5        30.5515       0.305515
    4         2            266            0.5        41.1743       0.411743
    4         2            338            0.5        52.9452       0.529452
    4         2            404            0.5        63.1838       0.631838
    4         2            482            0.5        74.8516       0.748516
    4         2            554            0.5        85.3289       0.853289
    4         2            632            0.5        96.4428       0.964428
    4         2            710            0.5        107.363        1.07363
    4         2            794            0.5        118.946        1.18946
    4         2            872            0.5        129.566        1.29566
    4         2            956            0.5        140.881        1.40881
    4         2           1034            0.5        151.289        1.51289
    4         2           1118            0.5        162.408        1.62408
    4         2           1202            0.5        173.446        1.73446
    4         2           1286            0.5        184.414        1.84414
    4         2           1370            0.5        195.323        1.95323
    4         2           1460            0.5        206.954        2.06954
    4         2           1544            0.5        217.762        2.17762
    4         2           1628            0.5        228.532        2.28532
    4         2           1712            0.5        239.267        2.39267
    4         3             98            0.5        8.78868      0.0878868
    4         3            143            0.5        19.7752       0.197752
    4         3            193            0.5        29.8525       0.298525
    4         3            248            0.5         39.736        0.39736
    4         3            308            0.5        49.7634       0.497634
    4         3            368            0.5        59.3218       0.593218
    4         3            433            0.5        69.3221       0.693221
    4         3            503            0.5         79.788        0.79788
    4         3            568            0.5        89.2844       0.892844
    4         3            638            0.5        99.3143       0.993143
    4         3            713            0.5        109.869        1.09869
    4         3            783            0.5        119.568        1.19568
    4         3            858            0.5        129.817        1.29817
    4         3            933            0.5        139.938        1.39938
    4         3           1008            0.5        149.947        1.49947
    4         3           1083            0.5        159.858        1.59858
    4         3           1158            0.5        169.683        1.69683
    4         3           1233            0.5        179.431        1.79431
    4         3           1313            0.5        189.755        1.89755
    4         3           1388            0.5        199.372        1.99372
    4         3           1468            0.5        209.573        2.09573
    5         0             94            0.5        12.6858       0.126858
    5         0            144            0.5        23.3831       0.233831
    5         0            209            0.5        34.7957       0.347957
    5         0            279            0.5        45.7128       0.457128
    5         0            354            0.5        56.7155       0.567155
    5         0            429            0.5         67.364        0.67364
    5         0            509            0.5        78.4959       0.784959
    5         0            589            0.5        89.4675       0.894675
    5         0            674            0.5        100.988        1.00988
    5         0            754            0.5        111.723        1.11723
    5         0            834            0.5        122.366        1.22366
    5         0            919            0.5        133.584        1.33584
    5         0           1004            0.5         144.72         1.4472
    5         0           1089            0.5        155.782        1.55782
    5         0           1174            0.5        166.778        1.66778
    5         0           1259            0.5        177.715        1.77715
    5         0           1344            0.5        188.599        1.88599
    5         0           1429            0.5        199.437        1.99437
    5         0           1519            0.5        210.865        2.10865
    5         0           1604            0.5        221.622        2.21622
    5         1             86            0.5        8.69791      0.0869791
    5         1            135            0.5        18.8235       0.188235
    5         1            205            0.5        30.0585       0.300585
    5         1            289            0.5        41.3635       0.413635
    5         1            380            0.5        52.5462       0.525462
    5         1            471            0.5        63.2715       0.632715
    5         1            569            0.5        74.5736       0.745736
    5         1            667            0.5        85.7188       0.857188
    5         1            765            0.5        96.7467       0.967467
    5         1            863            0.5        107.676        1.07676
    5         1            961            0.5        118.518        1.18518
    5         1           1059            0.5        129.281        1.29281
    5         1           1164            0.5        140.733        1.40733
    5         1           1262            0.5        151.356        1.51356
    5         1           1367            0.5        162.673        1.62673
    5         1           1472            0.5        173.931        1.73931
    5         1           1570            0.5        184.392        1.84392
    5         1           1675            0.5        195.554        1.95554
    5         1           1780            0.5        206.676        2.06676
    5         1           1885            0.5        217.762        2.17762
    5         1           1990            0.5        228.816        2.28816
    5         2             85            0.5        11.9719       0.119719
    5         2            139            0.5        20.5854       0.205854
    5         2            199            0.5        29.6995       0.296995
    5         2            259            0.5        38.4134       0.384134
    5         2            325            0.5        47.5942       0.475942
    5         2            391            0.5        56.4053       0.564053
    5         2            463            0.5        65.6568       0.656568
    5         2            535            0.5        74.5918       0.745918
    5         2            613            0.5        83.9772       0.839772
    5         2            685            0.5        92.4186       0.924186
    5         2            763            0.5        101.368        1.01368
    5         2            847            0.5        110.825        1.10825
    5         2            925            0.5        119.471        1.19471
    5         2           1009            0.5        128.668        1.28668
    5         2           1093            0.5        137.771        1.37771
    5         2           1177            0.5          146.8          1.468
    5         2           1261            0.5        155.771        1.55771
    5         2           1345            0.5        164.698        1.64698
    5         2           1429            0.5         173.59         1.7359
    5         2           1513            0.5        182.456        1.82456
    5         2           1603            0.5        191.935        1.91935
    5         2           1687            0.5        200.768        2.00768
    5         3             99            0.5        11.2036       0.112036
    5         3            171            0.5         20.558        0.20558
    5         3            261            0.5        29.7044       0.297044
    5         3            360            0.5        38.6765       0.386765
    5         3            468            0.5        47.9136       0.479136
    5         3            576            0.5        56.8066       0.568066
    5         3            684            0.5         65.439        0.65439
    5         3            801            0.5        74.5444       0.745444
    5         3            918            0.5        83.4285       0.834285
    5         3           1044            0.5        92.7805       0.927805
    5         3           1170            0.5        101.938        1.01938
    5         3           1296            0.5        110.927        1.10927
    5         3           1422            0.5        119.768        1.19768
    5         3           1548            0.5        128.481        1.28481
    5         3           1683            0.5        137.693        1.37693
    5         3           1818            0.5        146.794        1.46794
    5         3           1953            0.5          155.8          1.558
    5         3           2088            0.5        164.721        1.64721
    5         3           2223            0.5        173.571        1.73571
    5         3           2367            0.5        182.942        1.82942
    5         3           2502            0.5        191.671        1.91671
    6         0             70            0.5        11.7525       0.117525
    6         0            115            0.5        23.1412       0.231412
    6         0            170            0.5         34.191        0.34191
    6         0            235            0.5        45.6138       0.456138
    6         0            305            0.5        56.9749       0.569749
    6         0            375            0.5        67.7678       0.677678
    6         0            450            0.5           78.9          0.789
    6         0            525            0.5        89.6945       0.896945
    6         0            605            0.5        100.915        1.00915
    6         0            685            0.5        111.888        1.11888
    6         0            765            0.5        122.657        1.22657
    6         0            850            0.5        133.915        1.33915
    6         0            930            0.5        144.365        1.44365
    6         0           1020            0.5        155.979        1.55979
    6         0           1105            0.5        166.834        1.66834
    6         0           1190            0.5        177.596        1.77596
    6         0           1280            0.5        188.906        1.88906
    6         0           1365            0.5        199.521        1.99521
    6         0           1455            0.5        210.703        2.10703
    6         0           1545            0.5        221.835        2.21835
    6         0           1635            0.5        232.927        2.32927
    6         1             77            0.5        12.6463       0.126463
    6         1            131            0.5        24.1483       0.241483
    6         1            197            0.5        35.5673       0.355673
    6         1            269            0.5        46.9419       0.469419
    6         1            341            0.5         57.837        0.57837
    6         1            413            0.5        68.4431       0.684431
    6         1            491            0.5        79.6854       0.796854
    6         1            569            0.5        90.7122       0.907122
    6         1            647            0.5        101.552        1.01552
    6         1            725            0.5         112.23         1.1223
    6         1            809            0.5        123.569        1.23569
    6         1            893            0.5        134.764        1.34764
    6         1            977            0.5        145.835        1.45835
    6         1           1061            0.5        156.799        1.56799
    6         1           1145            0.5        167.669        1.67669
    6         1           1229            0.5        178.459        1.78459
    6         1           1319            0.5        189.944        1.89944
    6         1           1403            0.5        200.602        2.00602
    6         1           1493            0.5        211.964        2.11964
    6         1           1577            0.5        222.526        2.22526
    6         1           1667            0.5          233.8          2.338
    6         2             86            0.5         12.755        0.12755
    6         2            126            0.5        21.2441       0.212441
    6         2            171            0.5        30.1471       0.301471
    6         2            226            0.5        39.9979       0.399979
    6         2            281            0.5        48.9982       0.489982
    6         2            336            0.5        57.3881       0.573881
    6         2            401            0.5        66.7356       0.667356
    6         2            466            0.5        75.6346       0.756346
    6         2            536            0.5        84.8528       0.848528
    6         2            606            0.5        93.7904       0.937904
    6         2            676            0.5         102.52         1.0252
    6         2            751            0.5        111.701        1.11701
    6         2            826            0.5        120.751        1.20751
    6         2            901            0.5        129.706        1.29706
    6         2            976            0.5        138.594        1.38594
    6         2           1051            0.5        147.435        1.47435
    6         2           1131            0.5        156.836        1.56836
    6         2           1206            0.5        165.635        1.65635
    6         2           1281            0.5        174.432        1.74432
    6         2           1361            0.5        183.823        1.83823
    6         2           1436            0.5        192.643        1.92643
    6         3             87            0.5        11.4541       0.114541
    6         3            122            0.5        20.5168       0.205168
    6         3            167            0.5        29.9221       0.299221
    6         3            217            0.5        38.8934       0.388934
    6         3            272            0.5        47.8826       0.478826
    6         3            327            0.5        56.3993       0.563993
    6         3            387            0.5         65.389        0.65389
    6         3            452            0.5        74.9053       0.749053
    6         3            512            0.5        83.5432       0.835432
    6         3            577            0.5        92.7767       0.927767
    6         3            642            0.5        101.901        1.01901
    6         3            707            0.5         110.93         1.1093
    6         3            772            0.5        119.875        1.19875
    6         3            837            0.5        128.743        1.28743
    6         3            902            0.5        137.542        1.37542
    6         3            972            0.5        146.949        1.46949
    6         3           1037            0.5        155.624        1.55624
    6         3           1107            0.5         164.91         1.6491
    6         3           1172            0.5        173.484        1.73484
    6         3           1242            0.5        182.672        1.82672
    6         3           1312            0.5        191.815        1.91815
    6         3           1382            0.5         200.92         2.0092
    7         0             97            0.5        9.21392      0.0921392
    7         0            137            0.5        18.2274       0.182274
    7         0            187            0.5        27.6394       0.276394
    7         0            237            0.5        36.3248       0.363248
    7         0            292            0.5         45.379        0.45379
    7         0            352            0.5        54.8317       0.548317
    7         0            412            0.5        63.9467       0.639467
    7         0            472            0.5        72.7932       0.727932
    7         0            532            0.5        81.4202       0.814202
    7         0            597            0.5          90.56         0.9056
    7         0            662            0.5        99.5201       0.995201
    7         0            727            0.5        108.328        1.08328
    7         0            797            0.5        117.669        1.17669
    7         0            867            0.5        126.883        1.26883
    7         0            937            0.5        135.987        1.35987
    7         0           1007            0.5        144.998        1.44998
    7         0           1077            0.5        153.927        1.53927
    7         0           1147            0.5        162.786        1.62786
    7         0           1217            0.5        171.583        1.71583
    7         0           1292            0.5        180.949        1.80949
    7         0           1362            0.5        189.644        1.89644
    7         0           1437            0.5        198.914        1.98914
    7         1             90            0.5        9.78081      0.0978081
    7         1            130            0.5        19.1463       0.191463
    7         1            180            0.5        28.8093       0.288093
    7         1            230            0.5        37.2434       0.372434
    7         1            290            0.5        46.4619       0.464619
    7         1            355            0.5        55.8043       0.558043
    7         1            420            0.5        64.7395       0.647395
    7         1            485            0.5        73.4052       0.734052
    7         1            555            0.5        82.5229       0.825229
    7         1            625            0.5        91.4711       0.914711
    7         1            700            0.5        100.911        1.00911
    7         1            770            0.5        109.608        1.09608
    7         1            845            0.5        118.824        1.18824
    7         1            920            0.5        127.952        1.27952
    7         1            990            0.5        136.401        1.36401
    7         1           1070            0.5        145.987        1.45987
    7         1           1145            0.5        154.914        1.54914
    7         1           1220            0.5        163.791        1.63791
    7         1           1295            0.5        172.625        1.72625
    7         1           1370            0.5         181.42         1.8142
    7         1           1450            0.5        190.766        1.90766
    7         2            110            0.5        10.2429       0.102429
    7         2            142            0.5        17.8058       0.178058
    7         2            174            0.5        24.3041       0.243041
    7         2            214            0.5        31.6054       0.316054
    7         2            258            0.5        38.9999       0.389999
    7         2            302            0.5        45.9614       0.459614
    7         2            346            0.5        52.6156       0.526156
    7         2            394            0.5         59.609        0.59609
    7         2            446            0.5        66.9378       0.669378
    7         2            494            0.5        73.5164       0.735164
    7         2            546            0.5        80.4744       0.804744
    7         2            602            0.5        87.8008       0.878008
    7         2            658            0.5        94.9792       0.949792
    7         2            710            0.5         101.53         1.0153
    7         2            770            0.5         108.97         1.0897
    7         2            826            0.5        115.813        1.15813
    7         2            882            0.5        122.571        1.22571
    7         2            942            0.5        129.728        1.29728
    7         2           1002            0.5        136.808        1.36808
    7         2           1062            0.5        143.821        1.43821
    7         2           1122            0.5        150.775        1.50775
    7         2           1182            0.5        157.677        1.57677
    7         3             82            0.5        9.77446      0.0977446
    7         3            126            0.5        18.8033       0.188033
    7         3            178            0.5        27.8939       0.278939
    7         3            230            0.5        36.4496       0.364496
    7         3            290            0.5        45.9516       0.459516
    7         3            346            0.5        54.5712       0.545712
    7         3            406            0.5        63.6022       0.636022
    7         3            466            0.5         72.462        0.72462
    7         3            530            0.5        81.7548       0.817548
    7         3            594            0.5        90.9093       0.909093
    7         3            658            0.5        99.9445       0.999445
    7         3            722            0.5        108.875        1.08875
    7         3            786            0.5        117.714        1.17714
    7         3            850            0.5        126.472        1.26472
    7         3            918            0.5        135.697        1.35697
    7         3            986            0.5        144.848        1.44848
    7         3           1054            0.5        153.933        1.53933
    7         3           1122            0.5        162.958        1.62958
    7         3           1190            0.5         171.93         1.7193
    7         3           1258            0.5        180.852        1.80852
    7         3           1326            0.5        189.731        1.89731
    7         3           1394            0.5        198.568        1.98568
    8         0            103            0.5        10.5321       0.105321
    8         0            139            0.5         18.606        0.18606
    8         0            183            0.5        26.9995       0.269995
    8         0            227            0.5        34.5147       0.345147
    8         0            279            0.5        42.7167       0.427167
    8         0            331            0.5         50.429        0.50429
    8         0            391            0.5        58.8989       0.588989
    8         0            447            0.5        66.4923       0.664923
    8         0            511            0.5        74.8846       0.748846
    8         0            571            0.5         82.529        0.82529
    8         0            639            0.5        90.9802       0.909802
    8         0            703            0.5        98.7635       0.987635
    8         0            771            0.5        106.882        1.06882
    8         0            839            0.5        114.868        1.14868
    8         0            907            0.5        122.744        1.22744
    8         0            979            0.5        130.981        1.30981
    8         0           1047            0.5        138.677        1.38677
    8         0           1119            0.5        146.752        1.46752
    8         0           1191            0.5        154.762        1.54762
    8         0           1263            0.5        162.718        1.62718
    8         0           1335            0.5        170.626        1.70626
    8         1            131            0.5        11.4535       0.114535
    8         1            171            0.5        18.9503       0.189503
    8         1            211            0.5        25.9145       0.259145
    8         1            251            0.5        32.4553       0.324553
    8         1            299            0.5        39.8411       0.398411
    8         1            347            0.5        46.8062       0.468062
    8         1            399            0.5        53.9605       0.539605
    8         1            451            0.5        60.7806       0.607806
    8         1            507            0.5        67.8207       0.678207
    8         1            563            0.5        74.6044       0.746044
    8         1            623            0.5        81.6434       0.816434
    8         1            687            0.5        88.9425       0.889425
    8         1            747            0.5        95.6289       0.956289
    8         1            811            0.5        102.628        1.02628
    8         1            879            0.5        109.946        1.09946
    8         1            943            0.5        116.746        1.16746
    8         1           1011            0.5        123.897        1.23897
    8         1           1079            0.5        130.989        1.30989
    8         1           1143            0.5        137.623        1.37623
    8         1           1211            0.5         144.64         1.4464
    8         1           1279            0.5         151.63         1.5163
    8         1           1347            0.5        158.603        1.58603
    8         1           1419            0.5        165.974        1.65974
    8         2            105            0.5        9.74239      0.0974239
    8         2            145            0.5        19.4396       0.194396
    8         2            195            0.5        28.9779       0.289779
    8         2            245            0.5        37.3618       0.373618
    8         2            305            0.5        46.7295       0.467295
    8         2            365            0.5        55.6708       0.556708
    8         2            425            0.5        64.3217       0.643217
    8         2            490            0.5        73.4368       0.734368
    8         2            555            0.5         82.328        0.82328
    8         2            625            0.5        91.6866       0.916866
    8         2            695            0.5        100.849        1.00849
    8         2            765            0.5        109.839        1.09839
    8         2            835            0.5        118.676        1.18676
    8         2            910            0.5        127.994        1.27994
    8         2            980            0.5        136.567        1.36567
    8         2           1055            0.5        145.634        1.45634
    8         2           1130            0.5        154.593        1.54593
    8         2           1205            0.5        163.456        1.63456
    8         2           1285            0.5        172.817        1.72817
    8         2           1360            0.5        181.514        1.81514
    8         2           1440            0.5        190.717        1.90717
    8         3            111            0.5        10.5659       0.105659
    8         3            138            0.5        16.6585       0.166585
    8         3            168            0.5        22.5826       0.225826
    8         3            201            0.5        28.6911       0.286911
    8         3            234            0.5        34.5484       0.345484
    8         3            270            0.5        40.7376       0.407376
    8         3            306            0.5        46.7652       0.467652
    8         3            342            0.5        52.6612       0.526612
    8         3            381            0.5        58.9232       0.589232
    8         3            417            0.5        64.6039       0.646039
    8         3            456            0.5         70.663        0.70663
    8         3            495            0.5        76.6348       0.766348
    8         3            537            0.5        82.9788       0.829788
    8         3            576            0.5         88.797        0.88797
    8         3            618            0.5        94.9919       0.949919
    8         3            657            0.5        100.685        1.00685
    8         3            699            0.5        106.757        1.06757
    8         3            741            0.5        112.773        1.12773
    8         3            783            0.5        118.739        1.18739
    8         3            825            0.5        124.657        1.24657
    8         3            870            0.5        130.951        1.30951
    8         3            912            0.5        136.784        1.36784
    8         3            957            0.5        142.992        1.42992
    9         0            113            0.5        8.47696      0.0847696
    9         0            149            0.5        16.3318       0.163318
    9         0            197            0.5        24.9848       0.249848
    9         0            245            0.5        32.9463       0.329463
    9         0            293            0.5        40.5327       0.405327
    9         0            345            0.5        48.4616       0.484616
    9         0            401            0.5        56.7452       0.567452
    9         0            457            0.5        64.8174       0.648174
    9         0            513            0.5        72.7143       0.727143
    9         0            569            0.5        80.4618       0.804618
    9         0            629            0.5        88.6192       0.886192
    9         0            689            0.5        96.6469       0.966469
    9         0            749            0.5         104.56         1.0456
    9         0            813            0.5        112.888        1.12888
    9         0            873            0.5        120.602        1.20602
    9         0            937            0.5        128.739        1.28739
    9         0           1001            0.5        136.793        1.36793
    9         0           1065            0.5         144.77         1.4477
    9         0           1129            0.5        152.679        1.52679
    9         0           1193            0.5        160.525        1.60525
    9         1            100            0.5        10.4974       0.104974
    9         1            140            0.5        18.7448       0.187448
    9         1            184            0.5        26.4501       0.264501
    9         1            236            0.5        34.9258       0.349258
    9         1            284            0.5        42.4216       0.424216
    9         1            340            0.5        50.9054       0.509054
    9         1            392            0.5        58.5959       0.585959
    9         1            448            0.5        66.7185       0.667185
    9         1            504            0.5         74.704        0.74704
    9         1            560            0.5        82.5733       0.825733
    9         1            620            0.5        90.8929       0.908929
    9         1            676            0.5        98.5658       0.985658
    9         1            736            0.5        106.699        1.06699
    9         1            796            0.5        114.751        1.14751
    9         1            856            0.5        122.729        1.22729
    9         1            916            0.5         130.64         1.3064
    9         1            976            0.5         138.49         1.3849
    9         1           1040            0.5        146.801        1.46801
    9         1           1100            0.5        154.539        1.54539
    9         1           1164            0.5        162.741        1.62741
    9         1           1228            0.5        170.892        1.70892
    9         1           1292            0.5        178.996        1.78996
    9         2            123            0.5        11.4908       0.114908
    9         2            167            0.5        19.8224       0.198224
    9         2            215            0.5        27.5475       0.275475
    9         2            271            0.5        35.9613       0.359613
    9         2            323            0.5        43.4656       0.434656
    9         2            383            0.5        51.8849       0.518849
    9         2            439            0.5        59.5721       0.595721
    9         2            499            0.5        67.6659       0.676659
    9         2            559            0.5        75.6382       0.756382
    9         2            619            0.5        83.5089       0.835089
    9         2            683            0.5        91.8079       0.918079
    9         2            743            0.5        99.5091       0.995091
    9         2            807            0.5         107.65         1.0765
    9         2            871            0.5        115.722        1.15722
    9         2            935            0.5        123.734        1.23734
    9         2            999            0.5        131.689        1.31689
    9         2           1063            0.5        139.596        1.39596
    9         2           1131            0.5        147.946        1.47946
    9         2           1195            0.5        155.763        1.55763
    9         2           1259            0.5        163.541        1.63541
    9         2           1327            0.5        171.766        1.71766
    9         2           1395            0.5        179.956        1.79956
    9         3            112            0.5        8.58118      0.0858118
    9         3            142            0.5         15.583        0.15583
    9         3            178            0.5        22.4638       0.224638
    9         3            220            0.5        29.7459       0.297459
    9         3            262            0.5        36.6072       0.366072
    9         3            307            0.5        43.6593       0.436593
    9         3            355            0.5        50.9352       0.509352
    9         3            400            0.5        57.5771       0.575771
    9         3            451            0.5        64.9352       0.649352
    9         3            499            0.5        71.7229       0.717229
    9         3            550            0.5        78.8106       0.788106
    9         3            601            0.5         85.788        0.85788
    9         3            652            0.5        92.6684       0.926684
    9         3            706            0.5          99.86         0.9986
    9         3            760            0.5        106.967        1.06967
    9         3            814            0.5        113.998        1.13998
    9         3            868            0.5        120.961        1.20961
    9         3            922            0.5        127.863        1.27863
    9         3            976            0.5         134.71         1.3471
    9         3           1033            0.5        141.882        1.41882
    9         3           1087            0.5        148.629        1.48629
    9         3           1144            0.5        155.706        1.55706
   10         0            103            0.5         7.9819       0.079819
   10         0            127            0.5        13.3725       0.133725
   10         0            159            0.5        19.3452       0.193452
   10         0            199            0.5        25.8376       0.258376
   10         0            239            0.5        31.7846       0.317846
   10         0            283            0.5        37.9831       0.379831
   10         0            327            0.5        43.9549       0.439549
   10         0            371            0.5        49.7635       0.497635
   10         0            419            0.5         55.951        0.55951
   10         0            463            0.5        61.5058       0.615058
   10         0            515            0.5        67.9429       0.679429
   10         0            563            0.5        73.7737       0.737737
   10         0            615            0.5        79.9807       0.799807
   10         0            663            0.5        85.6174       0.856174
   10         0            715            0.5        91.6312       0.916312
   10         0            767            0.5        97.5564       0.975564
   10         0            823            0.5        103.847        1.03847
   10         0            875            0.5         109.61         1.0961
   10         0            931            0.5         115.74         1.1574
   10         0            987            0.5        121.797        1.21797
   10         0           1043            0.5        127.787        1.27787
   10         0           1099            0.5        133.716        1.33716
   10         0           1155            0.5        139.588        1.39588
   10         1            110            0.5        8.22438      0.0822438
   10         1            146            0.5        15.4777       0.154777
   10         1            190            0.5        22.7892       0.227892
   10         1            234            0.5        29.5282       0.295282
   10         1            282            0.5        36.5403       0.365403
   10         1            334            0.5        43.8781       0.438781
   10         1            382            0.5        50.4776       0.504776
   10         1            434            0.5        57.4791       0.574791
   10         1            490            0.5        64.8782       0.648782
   10         1            542            0.5        71.6382       0.716382
   10         1            598            0.5        78.8155       0.788155
   10         1            654            0.5        85.8988       0.858988
   10         1            710            0.5        92.8992       0.928992
   10         1            766            0.5        99.8246       0.998246
   10         1            822            0.5        106.682        1.06682
   10         1            882            0.5        113.961        1.13961
   10         1            938            0.5        120.696        1.20696
   10         1            998            0.5        127.856        1.27856
   10         1           1058            0.5         134.96         1.3496
   10         1           1114            0.5        141.545        1.41545
   10         1           1174            0.5        148.554        1.48554
   10         1           1238            0.5        155.983        1.55983
   10         2            125            0.5        9.81203      0.0981203
   10         2            165            0.5        16.6725       0.166725
   10         2            209            0.5        23.6718       0.236718
   10         2            257            0.5        30.8947       0.308947
   10         2            305            0.5        37.7662       0.377662
   10         2            357            0.5        44.8755       0.448755
   10         2            409            0.5        51.6901       0.516901
   10         2            465            0.5        58.7521       0.587521
   10         2            521            0.5        65.5729       0.655729
   10         2            581            0.5        72.6558       0.726558
   10         2            645            0.5        79.9957       0.799957
   10         2            705            0.5        86.7074       0.867074
   10         2            769            0.5        93.7139       0.937139
   10         2            833            0.5        100.587        1.00587
   10         2            901            0.5        107.765        1.07765
   10         2            969            0.5        114.835        1.14835
   10         2           1037            0.5        121.813        1.21813
   10         2           1105            0.5        128.713        1.28713
   10         2           1177            0.5        135.947        1.35947
   10         2           1245            0.5        142.722        1.42722
   10         2           1317            0.5        149.842        1.49842
   10         3            109            0.5        10.3992       0.103992
   10         3            149            0.5        17.9631       0.179631
   10         3            185            0.5        24.4027       0.244027
   10         3            229            0.5        31.9193       0.319193
   10         3            269            0.5        38.4775       0.384775
   10         3            313            0.5        45.4396       0.454396
   10         3            361            0.5        52.7798       0.527798
   10         3            409            0.5        59.8938       0.598938
   10         3            457            0.5        66.8138       0.668138
   10         3            505            0.5        73.5658       0.735658
   10         3            557            0.5        80.7154       0.807154
   10         3            609            0.5        87.7149       0.877149
   10         3            661            0.5        94.5828       0.945828
   10         3            717            0.5         101.85         1.0185
   10         3            773            0.5        108.998        1.08998
   10         3            825            0.5        115.543        1.15543
   10         3            885            0.5        122.994        1.22994
   10         3            941            0.5        129.863        1.29863
   10         3            997            0.5        136.658        1.36658
   10         3           1057            0.5        143.866        1.43866
   10         3           1113            0.5        150.531        1.50531
   11         0            135            0.5        12.7854       0.127854
   11         0            168            0.5        19.9088       0.199088
   11         0            204            0.5        26.7893       0.267893
   11         0            243            0.5        33.6533       0.336533
   11         0            285            0.5        40.5926       0.405926
   11         0            330            0.5        47.6495       0.476495
   11         0            378            0.5        54.8471       0.548471
   11         0            426            0.5        61.7746       0.617746
   11         0            477            0.5        68.8963       0.688963
   11         0            528            0.5        75.8154       0.758154
   11         0            582            0.5        82.9586       0.829586
   11         0            636            0.5        89.9452       0.899452
   11         0            690            0.5        96.8001       0.968001
   11         0            747            0.5        103.916        1.03916
   11         0            804            0.5        110.927        1.10927
   11         0            861            0.5        117.851        1.17851
   11         0            918            0.5        124.701        1.24701
   11         0            978            0.5        131.844        1.31844
   11         0           1038            0.5        138.928        1.38928
   11         0           1098            0.5        145.964        1.45964
   11         1            116            0.5        17.5715       0.175715
   11         1            152            0.5        23.6244       0.236244
   11         1            188            0.5         29.582        0.29582
   11         1            227            0.5        35.9236       0.359236
   11         1            263            0.5        41.6669       0.416669
   11         1            302            0.5        47.7642       0.477642
   11         1            341            0.5        53.7303       0.537303
   11         1            380            0.5         59.567        0.59567
   11         1            422            0.5        65.7147       0.657147
   11         1            464            0.5        71.7293       0.717293
   11         1            506            0.5        77.6231       0.776231
   11         1            551            0.5        83.8194       0.838194
   11         1            596            0.5        89.9109       0.899109
   11         1            641            0.5        95.9141       0.959141
   11         1            686            0.5        101.846        1.01846
   11         1            731            0.5         107.72         1.0772
   11         1            779            0.5        113.939        1.13939
   11         1            824            0.5        119.737        1.19737
   11         1            872            0.5        125.899        1.25899
   11         1            917            0.5        131.664        1.31664
   11         1            965            0.5        137.809        1.37809
   11         1           1013            0.5        143.959        1.43959
   11         1           1058            0.5        149.732        1.49732
   11         2            132            0.5        9.39575      0.0939575
   11         2            168            0.5        15.8391       0.158391
   11         2            207            0.5        21.7008       0.217008
   11         2            252            0.5        27.9957       0.279957
   11         2            294            0.5        33.6282       0.336282
   11         2            342            0.5        39.8768       0.398768
   11         2            390            0.5        45.9762       0.459762
   11         2            438            0.5        51.9575       0.519575
   11         2            486            0.5        57.8407       0.578407
   11         2            537            0.5        63.9995       0.639995
   11         2            585            0.5        69.7206       0.697206
   11         2            636            0.5        75.7279       0.757279
   11         2            687            0.5        81.6694       0.816694
   11         2            741            0.5        87.8959       0.878959
   11         2            792            0.5        93.7207       0.937207
   11         2            846            0.5        99.8346       0.998346
   11         2            900            0.5        105.898        1.05898
   11         2            954            0.5        111.914        1.11914
   11         2           1008            0.5        117.887        1.17887
   11         2           1062            0.5         123.82         1.2382
   11         2           1116            0.5        129.716        1.29716
   11         3            105            0.5        10.9003       0.109003
   11         3            137            0.5         16.857        0.16857
   11         3            173            0.5        22.8261       0.228261
   11         3            209            0.5        28.5061       0.285061
   11         3            249            0.5        34.5988       0.345988
   11         3            289            0.5        40.5149       0.405149
   11         3            333            0.5        46.8545       0.468545
   11         3            373            0.5        52.4867       0.524867
   11         3            417            0.5        58.5561       0.585561
   11         3            461            0.5        64.5078       0.645078
   11         3            509            0.5         70.881        0.70881
   11         3            553            0.5        76.6239       0.766239
   11         3            601            0.5        82.7914       0.827914
   11         3            649            0.5        88.8657       0.888657
   11         3            697            0.5        94.8553       0.948553
   11         3            745            0.5        100.767        1.00767
   11         3            793            0.5        106.608        1.06608
   11         3            845            0.5        112.861        1.12861
   11         3            893            0.5         118.57         1.1857
   11         3            945            0.5         124.69         1.2469
   11         3            997            0.5         130.75         1.3075
   11         3           1049            0.5        136.753        1.36753
   11         3           1101            0.5        142.703        1.42703
