 *tel    numcsi   CsIInChannel     errCsIInChannel           CsIE       errCsIE
    0         0             90            0.5        17.2237       0.172237
    0         0            130            0.5         28.502        0.28502
    0         0            178            0.5        39.8833       0.398833
    0         0            230            0.5        50.9063       0.509063
    0         0            286            0.5        61.9826       0.619826
    0         0            342            0.5        72.5917       0.725917
    0         0            402            0.5        83.6367       0.836367
    0         0            462            0.5        94.4514       0.944514
    0         0            526            0.5        105.797        1.05797
    0         0            590            0.5        116.982        1.16982
    0         0            650            0.5        127.344        1.27344
    0         0            718            0.5        138.961        1.38961
    0         0            782            0.5        149.784        1.49784
    0         0            846            0.5         160.51         1.6051
    0         0            914            0.5        171.809        1.71809
    0         0            978            0.5         182.36         1.8236
    0         0           1046            0.5        193.489        1.93489
    0         0           1114            0.5        204.542        2.04542
    0         0           1182            0.5        215.526        2.15526
    0         0           1250            0.5        226.447        2.26447
    0         0           1322            0.5        237.947        2.37947
    0         1             76            0.5        19.8829       0.198829
    0         1            142            0.5        35.0235       0.350235
    0         1            214            0.5        50.5487       0.505487
    0         1            286            0.5        65.3733       0.653733
    0         1            364            0.5        80.8227       0.808227
    0         1            442            0.5        95.7633       0.957633
    0         1            520            0.5        110.289        1.10289
    0         1            604            0.5        125.548        1.25548
    0         1            688            0.5        140.475        1.40475
    0         1            772            0.5        155.124        1.55124
    0         1            862            0.5         170.56         1.7056
    0         1            952            0.5        185.769        1.85769
    0         1           1042            0.5        200.786        2.00786
    0         1           1132            0.5        215.639        2.15639
    0         1           1222            0.5        230.352        2.30352
    0         1           1318            0.5        245.916        2.45916
    0         1           1408            0.5        260.402        2.60402
    0         1           1504            0.5        275.759        2.75759
    0         1           1594            0.5        290.079        2.90079
    0         1           1690            0.5        305.286        3.05286
    0         2             97            0.5        21.8088       0.218088
    0         2            152            0.5        34.1339       0.341339
    0         2            217            0.5        47.7251       0.477251
    0         2            282            0.5        60.7763       0.607763
    0         2            347            0.5         73.425        0.73425
    0         2            417            0.5        86.6809       0.866809
    0         2            487            0.5        99.6179       0.996179
    0         2            557            0.5        112.283        1.12283
    0         2            632            0.5        125.591        1.25591
    0         2            707            0.5        138.665        1.38665
    0         2            782            0.5        151.534        1.51534
    0         2            857            0.5        164.222        1.64222
    0         2            937            0.5        177.581        1.77581
    0         2           1017            0.5        190.779        1.90779
    0         2           1097            0.5        203.835        2.03835
    0         2           1177            0.5        216.764        2.16764
    0         2           1257            0.5        229.581        2.29581
    0         2           1337            0.5        242.297        2.42297
    0         2           1422            0.5        255.709        2.55709
    0         2           1502            0.5        268.249        2.68249
    0         2           1587            0.5        281.492        2.81492
    0         2           1672            0.5        294.663        2.94663
    0         3             44            0.5        22.3674       0.223674
    0         3             94            0.5        34.1832       0.341832
    0         3            149            0.5        45.9936       0.459936
    0         3            209            0.5        58.3635       0.583635
    0         3            269            0.5        70.3547       0.703547
    0         3            329            0.5        82.0422       0.820422
    0         3            394            0.5        94.4175       0.944175
    0         3            459            0.5        106.539        1.06539
    0         3            524            0.5        118.443        1.18443
    0         3            589            0.5        130.156        1.30156
    0         3            659            0.5        142.585        1.42585
    0         3            729            0.5        154.846        1.54846
    0         3            799            0.5        166.957        1.66957
    0         3            869            0.5        178.938        1.78938
    0         3            939            0.5        190.802        1.90802
    0         3           1009            0.5        202.562        2.02562
    0         3           1079            0.5         214.23         2.1423
    0         3           1154            0.5        226.641        2.26641
    0         3           1229            0.5        238.966        2.38966
    0         3           1299            0.5        250.402        2.50402
    0         3           1374            0.5         262.59         2.6259
    1         0            105            0.5        15.2364       0.152364
    1         0            159            0.5        30.2716       0.302716
    1         0            225            0.5        45.2647       0.452647
    1         0            303            0.5        60.8759       0.608759
    1         0            381            0.5        75.4153       0.754153
    1         0            465            0.5        90.4416       0.904416
    1         0            549            0.5        105.058        1.05058
    1         0            639            0.5        120.394        1.20394
    1         0            729            0.5        135.462        1.35462
    1         0            819            0.5        150.306        1.50306
    1         0            915            0.5        165.926        1.65926
    1         0           1005            0.5        180.391        1.80391
    1         0           1101            0.5        195.652        1.95652
    1         0           1197            0.5        210.759        2.10759
    1         0           1293            0.5        225.729        2.25729
    1         0           1389            0.5        240.575        2.40575
    1         0           1485            0.5        255.312        2.55312
    1         0           1587            0.5        270.864        2.70864
    1         0           1683            0.5        285.409        2.85409
    1         0           1785            0.5        300.781        3.00781
    1         0           1881            0.5        315.177        3.15177
    1         1             91            0.5        21.1167       0.211167
    1         1            169            0.5        36.8824       0.368824
    1         1            241            0.5        50.8593       0.508593
    1         1            325            0.5        66.6536       0.666536
    1         1            403            0.5        80.9218       0.809218
    1         1            493            0.5        96.9916       0.969916
    1         1            577            0.5        111.669        1.11669
    1         1            661            0.5        126.081        1.26081
    1         1            751            0.5        141.268        1.41268
    1         1            841            0.5        156.226        1.56226
    1         1            937            0.5        171.963        1.71963
    1         1           1027            0.5        186.537        1.86537
    1         1           1123            0.5        201.913        2.01913
    1         1           1213            0.5        216.189        2.16189
    1         1           1309            0.5        231.286        2.31286
    1         1           1405            0.5        246.262        2.46262
    1         1           1501            0.5        261.132        2.61132
    1         1           1603            0.5        276.826        2.76826
    1         1           1699            0.5        291.511        2.91511
    1         1           1795            0.5        306.121        3.06121
    1         1           1897            0.5        321.571        3.21571
    1         2             77            0.5        21.9522       0.219522
    1         2            142            0.5        35.8243       0.358243
    1         2            202            0.5         48.122        0.48122
    1         2            267            0.5         61.029        0.61029
    1         2            337            0.5        74.5357       0.745357
    1         2            407            0.5        87.7026       0.877026
    1         2            477            0.5        100.582        1.00582
    1         2            547            0.5        113.214        1.13214
    1         2            622            0.5        126.512        1.26512
    1         2            697            0.5        139.597        1.39597
    1         2            772            0.5        152.495        1.52495
    1         2            847            0.5        165.231        1.65231
    1         2            927            0.5        178.657        1.78657
    1         2           1007            0.5         191.94         1.9194
    1         2           1082            0.5        204.276        2.04276
    1         2           1162            0.5        217.326        2.17326
    1         2           1242            0.5        230.275        2.30275
    1         2           1327            0.5        243.936        2.43936
    1         2           1407            0.5        256.712        2.56712
    1         2           1487            0.5        269.418        2.69418
    1         2           1572            0.5         282.85         2.8285
    1         3            103            0.5        18.6338       0.186338
    1         3            158            0.5        32.7809       0.327809
    1         3            213            0.5        45.1349       0.451349
    1         3            278            0.5        58.8465       0.588465
    1         3            343            0.5        71.9455       0.719455
    1         3            408            0.5        84.5954       0.845954
    1         3            478            0.5        97.8244       0.978244
    1         3            548            0.5        110.722        1.10722
    1         3            618            0.5        123.346        1.23346
    1         3            693            0.5        136.617        1.36617
    1         3            768            0.5        149.665        1.49665
    1         3            843            0.5        162.524        1.62524
    1         3            918            0.5         175.22         1.7522
    1         3            998            0.5        188.611        1.88611
    1         3           1078            0.5        201.864        2.01864
    1         3           1153            0.5        214.184        2.14184
    1         3           1233            0.5        227.226        2.27226
    1         3           1318            0.5        240.988        2.40988
    1         3           1398            0.5        253.862        2.53862
    1         3           1478            0.5        266.672        2.66672
    1         3           1558            0.5        279.427        2.79427
    2         0             73            0.5        13.7028       0.137028
    2         0            118            0.5        26.9448       0.269448
    2         0            168            0.5        38.9148       0.389148
    2         0            233            0.5        52.7325       0.527325
    2         0            298            0.5        65.6881       0.656881
    2         0            363            0.5        78.1981       0.781981
    2         0            433            0.5        91.3406       0.913406
    2         0            503            0.5        104.214        1.04214
    2         0            578            0.5        117.748        1.17748
    2         0            648            0.5        130.165        1.30165
    2         0            723            0.5        143.259        1.43259
    2         0            798            0.5        156.154        1.56154
    2         0            878            0.5        169.709        1.69709
    2         0            953            0.5        182.247        1.82247
    2         0           1033            0.5        195.456        1.95456
    2         0           1113            0.5        208.512        2.08512
    2         0           1193            0.5        221.428        2.21428
    2         0           1273            0.5        234.217        2.34217
    2         0           1358            0.5        247.682        2.47682
    2         0           1438            0.5        260.248        2.60248
    2         0           1523            0.5        273.498        2.73498
    2         1            102            0.5        12.4629       0.124629
    2         1            142            0.5        25.2206       0.252206
    2         1            192            0.5        38.7393       0.387393
    2         1            242            0.5        50.8758       0.508758
    2         1            302            0.5        64.4168       0.644168
    2         1            362            0.5        77.2703       0.772703
    2         1            427            0.5        90.6826       0.906826
    2         1            492            0.5        103.712        1.03712
    2         1            557            0.5        116.449        1.16449
    2         1            627            0.5        129.905        1.29905
    2         1            692            0.5        142.202        1.42202
    2         1            762            0.5        155.263        1.55263
    2         1            832            0.5        168.166        1.68166
    2         1            907            0.5         181.84         1.8184
    2         1            977            0.5        194.482        1.94482
    2         1           1052            0.5        207.916        2.07916
    2         1           1122            0.5        220.365        2.20365
    2         1           1197            0.5         233.62         2.3362
    2         1           1272            0.5        246.801        2.46801
    2         1           1347            0.5         259.92         2.5992
    2         1           1422            0.5        272.984        2.72984
    2         2             74            0.5        20.2789       0.202789
    2         2            114            0.5        29.2837       0.292837
    2         2            158            0.5        38.7711       0.387711
    2         2            202            0.5        47.9046       0.479046
    2         2            246            0.5        56.7416       0.567416
    2         2            290            0.5        65.3243       0.653243
    2         2            338            0.5        74.4364       0.744364
    2         2            386            0.5         83.321        0.83321
    2         2            438            0.5        92.7218       0.927218
    2         2            490            0.5        101.919        1.01919
    2         2            542            0.5        110.938        1.10938
    2         2            594            0.5        119.798        1.19798
    2         2            646            0.5        128.519        1.28519
    2         2            702            0.5        137.771        1.37771
    2         2            758            0.5        146.895        1.46895
    2         2            814            0.5        155.905        1.55905
    2         2            870            0.5        164.813        1.64813
    2         2            926            0.5         173.63         1.7363
    2         2            986            0.5        182.985        1.82985
    2         2           1042            0.5        191.641        1.91641
    2         2           1102            0.5        200.843        2.00843
    2         2           1162            0.5        209.976        2.09976
    2         3             98            0.5        11.2427       0.112427
    2         3            134            0.5        22.9931       0.229931
    2         3            174            0.5        33.7841       0.337841
    2         3            218            0.5        44.2848       0.442848
    2         3            270            0.5        55.7146       0.557146
    2         3            322            0.5        66.5424       0.665424
    2         3            378            0.5        77.7858       0.777858
    2         3            434            0.5        88.7265       0.887265
    2         3            490            0.5        99.4351       0.994351
    2         3            550            0.5        110.696        1.10696
    2         3            610            0.5        121.767        1.21767
    2         3            670            0.5        132.672        1.32672
    2         3            730            0.5        143.427        1.43427
    2         3            794            0.5         154.75         1.5475
    2         3            858            0.5        165.933        1.65933
    2         3            922            0.5        176.988        1.76988
    2         3            986            0.5        187.929        1.87929
    2         3           1050            0.5        198.764        1.98764
    2         3           1114            0.5        209.503        2.09503
    2         3           1182            0.5        220.815        2.20815
    2         3           1246            0.5         231.38         2.3138
    2         3           1314            0.5        242.525        2.42525
    3         0             75            0.5        16.2115       0.162115
    3         0            115            0.5        27.9612       0.279612
    3         0            159            0.5        38.7542       0.387542
    3         0            207            0.5        49.2167       0.492167
    3         0            263            0.5        60.4852       0.604852
    3         0            323            0.5        71.9151       0.719151
    3         0            383            0.5        82.9268       0.829268
    3         0            443            0.5        93.6445       0.936445
    3         0            507            0.5        104.827        1.04827
    3         0            571            0.5        115.798        1.15798
    3         0            635            0.5        126.588        1.26588
    3         0            703            0.5        137.879        1.37879
    3         0            767            0.5        148.361        1.48361
    3         0            835            0.5        159.359        1.59359
    3         0            907            0.5        170.864        1.70864
    3         0            975            0.5        181.611        1.81611
    3         0           1047            0.5        192.876        1.92876
    3         0           1115            0.5        203.417        2.03417
    3         0           1187            0.5        214.485        2.14485
    3         0           1259            0.5        225.466        2.25466
    3         0           1335            0.5        236.971        2.36971
    3         1            106            0.5         20.996        0.20996
    3         1            146            0.5        30.6736       0.306736
    3         1            190            0.5        40.7718       0.407718
    3         1            234            0.5        50.4088       0.504088
    3         1            282            0.5        60.4877       0.604877
    3         1            334            0.5        70.9806       0.709806
    3         1            382            0.5        80.3363       0.803363
    3         1            438            0.5        90.9142       0.909142
    3         1            490            0.5        100.461        1.00461
    3         1            546            0.5        110.491        1.10491
    3         1            606            0.5        120.992        1.20992
    3         1            662            0.5        130.598        1.30598
    3         1            722            0.5        140.712        1.40712
    3         1            782            0.5        150.668        1.50668
    3         1            842            0.5        160.489        1.60489
    3         1            906            0.5        170.838        1.70838
    3         1            966            0.5        180.438        1.80438
    3         1           1030            0.5        190.584        1.90584
    3         1           1094            0.5        200.648        2.00648
    3         1           1158            0.5        210.642        2.10642
    3         1           1222            0.5        220.576        2.20576
    3         1           1286            0.5         230.46         2.3046
    3         2             97            0.5        22.3856       0.223856
    3         2            130            0.5        33.5774       0.335774
    3         2            166            0.5         44.879        0.44879
    3         2            202            0.5        55.4748       0.554748
    3         2            241            0.5        66.3415       0.663415
    3         2            283            0.5        77.4873       0.774873
    3         2            328            0.5        88.9246       0.889246
    3         2            373            0.5        99.9472       0.999472
    3         2            418            0.5        110.637        1.10637
    3         2            466            0.5        121.741        1.21741
    3         2            514            0.5        132.594        1.32594
    3         2            565            0.5        143.902        1.43902
    3         2            613            0.5         154.37         1.5437
    3         2            667            0.5        165.983        1.65983
    3         2            718            0.5         176.82         1.7682
    3         2            769            0.5        187.552        1.87552
    3         2            823            0.5        198.823        1.98823
    3         2            874            0.5        209.398        2.09398
    3         2            928            0.5        220.535        2.20535
    3         2            982            0.5        231.623        2.31623
    3         3             75            0.5        12.8826       0.128826
    3         3            111            0.5        23.7328       0.237328
    3         3            151            0.5        33.8441       0.338441
    3         3            195            0.5        43.8137       0.438137
    3         3            243            0.5        53.8937       0.538937
    3         3            291            0.5         63.425        0.63425
    3         3            343            0.5        73.3003       0.733003
    3         3            399            0.5        83.5288       0.835288
    3         3            455            0.5        93.4173       0.934173
    3         3            515            0.5          103.7          1.037
    3         3            575            0.5        113.712        1.13712
    3         3            635            0.5        123.492        1.23492
    3         3            699            0.5        133.706        1.33706
    3         3            763            0.5        143.724        1.43724
    3         3            827            0.5        153.574        1.53574
    3         3            895            0.5        163.879        1.63879
    3         3            959            0.5        173.446        1.73446
    3         3           1027            0.5        183.488        1.83488
    3         3           1095            0.5        193.421        1.93421
    3         3           1167            0.5        203.834        2.03834
    3         3           1235            0.5        213.581        2.13581
    3         3           1307            0.5        223.823        2.23823
    4         0            106            0.5        10.0862       0.100862
    4         0            151            0.5        22.7522       0.227522
    4         0            201            0.5         34.067        0.34067
    4         0            266            0.5        46.7506       0.467506
    4         0            331            0.5        58.2468       0.582468
    4         0            406            0.5        70.6739       0.706739
    4         0            481            0.5        82.5143       0.825143
    4         0            561            0.5        94.6758       0.946758
    4         0            641            0.5        106.458        1.06458
    4         0            726            0.5        118.634        1.18634
    4         0            811            0.5        130.514        1.30514
    4         0            901            0.5        142.816        1.42816
    4         0            991            0.5        154.871        1.54871
    4         0           1081            0.5        166.711        1.66711
    4         0           1171            0.5        178.364        1.78364
    4         0           1266            0.5        190.486        1.90486
    4         0           1361            0.5        202.447        2.02447
    4         0           1461            0.5        214.885        2.14885
    4         0           1556            0.5        226.574        2.26574
    4         0           1656            0.5        238.759        2.38759
    4         1             77            0.5        12.3892       0.123892
    4         1            117            0.5        22.5147       0.225147
    4         1            162            0.5         32.378        0.32378
    4         1            212            0.5        42.1232       0.421232
    4         1            272            0.5        52.7146       0.527146
    4         1            332            0.5        62.5186       0.625186
    4         1            397            0.5        72.5558       0.725558
    4         1            467            0.5        82.9059       0.829059
    4         1            537            0.5         92.924        0.92924
    4         1            607            0.5          102.7          1.027
    4         1            682            0.5        112.968        1.12968
    4         1            752            0.5        122.399        1.22399
    4         1            827            0.5        132.368        1.32368
    4         1            907            0.5        142.872        1.42872
    4         1            982            0.5        152.615        1.52615
    4         1           1062            0.5        162.908        1.62908
    4         1           1137            0.5        172.477        1.72477
    4         1           1217            0.5        182.606        1.82606
    4         1           1297            0.5        192.663        1.92663
    4         1           1377            0.5        202.654        2.02654
    4         1           1457            0.5        212.586        2.12586
    4         1           1537            0.5        222.464        2.22464
    4         2            103            0.5        11.6431       0.116431
    4         2            143            0.5        22.0262       0.220262
    4         2            188            0.5        32.1945       0.321945
    4         2            238            0.5        42.3781       0.423781
    4         2            293            0.5        52.7054       0.527054
    4         2            348            0.5         62.412        0.62412
    4         2            408            0.5        72.5023       0.725023
    4         2            468            0.5        82.2094       0.822094
    4         2            533            0.5        92.3962       0.923962
    4         2            598            0.5        102.313        1.02313
    4         2            668            0.5        112.749        1.12749
    4         2            738            0.5        122.976        1.22976
    4         2            803            0.5        132.313        1.32313
    4         2            878            0.5        142.923        1.42923
    4         2            948            0.5        152.688        1.52688
    4         2           1018            0.5        162.337        1.62337
    4         2           1093            0.5         172.56         1.7256
    4         2           1168            0.5        182.677        1.82677
    4         2           1243            0.5        192.701        1.92701
    4         2           1318            0.5        202.641        2.02641
    4         2           1393            0.5        212.505        2.12505
    4         3             98            0.5        11.0507       0.110507
    4         3            138            0.5        22.0163       0.220163
    4         3            188            0.5        33.7016       0.337016
    4         3            238            0.5         44.141        0.44141
    4         3            298            0.5        55.6818       0.556818
    4         3            358            0.5        66.5247       0.665247
    4         3            423            0.5        77.7309       0.777309
    4         3            488            0.5        88.5239       0.885239
    4         3            558            0.5        99.7894       0.997894
    4         3            628            0.5        110.755        1.10755
    4         3            698            0.5        121.472        1.21472
    4         3            773            0.5        132.719        1.32719
    4         3            848            0.5        143.755        1.43755
    4         3            923            0.5        154.608        1.54608
    4         3            998            0.5        165.299        1.65299
    4         3           1078            0.5        176.544        1.76544
    4         3           1158            0.5        187.644        1.87644
    4         3           1238            0.5        198.615        1.98615
    4         3           1318            0.5        209.469        2.09469
    4         3           1403            0.5        220.888        2.20888
    4         3           1483            0.5         231.54         2.3154
    5         0             89            0.5        15.1564       0.151564
    5         0            134            0.5        26.2532       0.262532
    5         0            189            0.5        37.7294       0.377294
    5         0            249            0.5        48.7772       0.487772
    5         0            314            0.5         59.752        0.59752
    5         0            384            0.5        70.8871       0.708871
    5         0            454            0.5        81.5783       0.815783
    5         0            529            0.5        92.7037       0.927037
    5         0            604            0.5        103.582        1.03582
    5         0            684            0.5        114.977        1.14977
    5         0            759            0.5          125.5          1.255
    5         0            839            0.5        136.581        1.36581
    5         0            919            0.5        147.532        1.47532
    5         0            999            0.5        158.368        1.58368
    5         0           1084            0.5         169.77         1.6977
    5         0           1164            0.5        180.407        1.80407
    5         0           1249            0.5        191.616        1.91616
    5         0           1334            0.5        202.742        2.02742
    5         0           1419            0.5        213.791        2.13791
    5         0           1504            0.5        224.769        2.24769
    5         0           1589            0.5        235.685        2.35685
    5         1             85            0.5        10.6003       0.106003
    5         1            133            0.5        21.7761       0.217761
    5         1            181            0.5        31.1112       0.311112
    5         1            241            0.5        41.2423       0.412423
    5         1            307            0.5        51.1882       0.511882
    5         1            385            0.5         61.994        0.61994
    5         1            457            0.5        71.4214       0.714214
    5         1            535            0.5        81.2633       0.812633
    5         1            619            0.5        91.5708       0.915708
    5         1            703            0.5        101.661        1.01661
    5         1            787            0.5        111.586        1.11586
    5         1            871            0.5        121.374        1.21374
    5         1            961            0.5        131.734        1.31734
    5         1           1051            0.5        141.979        1.41979
    5         1           1135            0.5        151.448        1.51448
    5         1           1225            0.5        161.505        1.61505
    5         1           1315            0.5        171.479        1.71479
    5         1           1405            0.5        181.376        1.81376
    5         1           1501            0.5        191.857        1.91857
    5         1           1591            0.5        201.618        2.01618
    5         1           1687            0.5        211.967        2.11967
    5         2             88            0.5         18.868        0.18868
    5         2            143            0.5        27.7344       0.277344
    5         2            198            0.5        36.2868       0.362868
    5         2            258            0.5        45.3099       0.453099
    5         2            323            0.5        54.7618       0.547618
    5         2            388            0.5        63.9111       0.639111
    5         2            453            0.5        72.7884       0.727884
    5         2            518            0.5        81.4219       0.814219
    5         2            588            0.5        90.4766       0.904766
    5         2            663            0.5        99.9318       0.999318
    5         2            733            0.5        108.555        1.08555
    5         2            808            0.5        117.606        1.17606
    5         2            883            0.5        126.488        1.26488
    5         2            963            0.5          135.8          1.358
    5         2           1043            0.5         144.97         1.4497
    5         2           1118            0.5        153.453        1.53453
    5         2           1203            0.5        162.955        1.62955
    5         2           1283            0.5        171.804        1.71804
    5         2           1363            0.5        180.574        1.80574
    5         2           1448            0.5        189.819        1.89819
    5         2           1533            0.5        198.999        1.98999
    5         3             98            0.5        11.9812       0.119812
    5         3            154            0.5        21.2668       0.212668
    5         3            226            0.5        30.8646       0.308646
    5         3            298            0.5         39.158        0.39158
    5         3            386            0.5        48.3574       0.483574
    5         3            482            0.5        57.7003       0.577003
    5         3            578            0.5        66.5693       0.665693
    5         3            682            0.5        75.7872       0.757872
    5         3            786            0.5        84.6838       0.846838
    5         3            898            0.5        93.9683       0.939683
    5         3           1010            0.5        102.991        1.02991
    5         3           1122            0.5        111.787        1.11787
    5         3           1242            0.5        120.992        1.20992
    5         3           1362            0.5        129.997        1.29997
    5         3           1482            0.5        138.825        1.38825
    5         3           1602            0.5        147.497        1.47497
    5         3           1730            0.5        156.593        1.56593
    5         3           1858            0.5        165.549        1.65549
    5         3           1994            0.5        174.927        1.74927
    5         3           2122            0.5        183.638        1.83638
    5         3           2258            0.5        192.785        1.92785
    5         3           2394            0.5        201.832        2.01832
    6         0             70            0.5        14.1203       0.141203
    6         0            110            0.5        25.8734       0.258734
    6         0            160            0.5        37.9996       0.379996
    6         0            220            0.5        50.6334       0.506334
    6         0            280            0.5        62.0939       0.620939
    6         0            350            0.5        74.5535       0.745535
    6         0            420            0.5        86.3446       0.863446
    6         0            495            0.5        98.4374       0.984374
    6         0            575            0.5        110.861        1.10861
    6         0            655            0.5        122.892        1.22892
    6         0            735            0.5        134.601        1.34601
    6         0            820            0.5        146.746        1.46746
    6         0            905            0.5        158.635        1.58635
    6         0            995            0.5        170.985        1.70985
    6         0           1080            0.5        182.457        1.82457
    6         0           1170            0.5        194.427        1.94427
    6         0           1265            0.5        206.894        2.06894
    6         0           1355            0.5        218.567        2.18567
    6         0           1450            0.5        230.762        2.30762
    6         0           1545            0.5        242.846        2.42846
    6         0           1640            0.5        254.834        2.54834
    6         1             77            0.5        13.1411       0.131411
    6         1            125            0.5        25.5119       0.255119
    6         1            179            0.5        37.0285       0.370285
    6         1            245            0.5        49.5007       0.495007
    6         1            311            0.5        61.0494       0.610494
    6         1            389            0.5        73.9992       0.739992
    6         1            461            0.5        85.4951       0.854951
    6         1            539            0.5        97.5764       0.975764
    6         1            617            0.5        109.343        1.09343
    6         1            701            0.5        121.722        1.21722
    6         1            785            0.5         133.84         1.3384
    6         1            869            0.5        145.734        1.45734
    6         1            953            0.5        157.431        1.57431
    6         1           1043            0.5        169.774        1.69774
    6         1           1133            0.5        181.944        1.81944
    6         1           1223            0.5        193.963        1.93963
    6         1           1313            0.5         205.85         2.0585
    6         1           1403            0.5        217.619        2.17619
    6         1           1493            0.5        229.286        2.29286
    6         1           1589            0.5        241.631        2.41631
    6         1           1685            0.5        253.887        2.53887
    6         2             86            0.5        16.7681       0.167681
    6         2            121            0.5        25.4405       0.254405
    6         2            161            0.5         34.729        0.34729
    6         2            201            0.5        43.2164       0.432164
    6         2            251            0.5        52.9074       0.529074
    6         2            301            0.5        61.8165       0.618165
    6         2            356            0.5        70.9374       0.709374
    6         2            411            0.5        79.5151       0.795151
    6         2            471            0.5        88.3964       0.883964
    6         2            536            0.5        97.5828       0.975828
    6         2            601            0.5        106.416        1.06416
    6         2            671            0.5         115.62         1.1562
    6         2            741            0.5         124.57         1.2457
    6         2            816            0.5        133.936        1.33936
    6         2            886            0.5        142.513        1.42513
    6         2            961            0.5        151.562        1.51562
    6         2           1036            0.5        160.495        1.60495
    6         2           1116            0.5        169.924        1.69924
    6         2           1191            0.5        178.691        1.78691
    6         2           1271            0.5        187.983        1.87983
    6         2           1346            0.5        196.653        1.96653
    6         2           1426            0.5         205.87         2.0587
    6         3             87            0.5        15.2138       0.152138
    6         3            122            0.5        25.2706       0.252706
    6         3            162            0.5         34.933        0.34933
    6         3            212            0.5        45.3881       0.453881
    6         3            267            0.5        55.6593       0.556593
    6         3            322            0.5        65.1646       0.651646
    6         3            387            0.5        75.7924       0.757924
    6         3            452            0.5        85.9922       0.859922
    6         3            517            0.5        95.8945       0.958945
    6         3            582            0.5        105.573        1.05573
    6         3            652            0.5        115.795        1.15795
    6         3            722            0.5        125.844        1.25844
    6         3            792            0.5        135.746        1.35746
    6         3            862            0.5        145.517        1.45517
    6         3            937            0.5        155.859        1.55859
    6         3           1007            0.5        165.404        1.65404
    6         3           1082            0.5        175.529        1.75529
    6         3           1157            0.5        185.557        1.85557
    6         3           1232            0.5        195.497        1.95497
    6         3           1307            0.5        205.359        2.05359
    6         3           1387            0.5        215.799        2.15799
    7         0             97            0.5        16.8209       0.168209
    7         0            142            0.5        27.9109       0.279109
    7         0            187            0.5        37.0741       0.370741
    7         0            242            0.5        47.3642       0.473642
    7         0            302            0.5        57.9032       0.579032
    7         0            362            0.5        67.9342       0.679342
    7         0            422            0.5        77.5723       0.775723
    7         0            487            0.5        87.6555       0.876555
    7         0            552            0.5        97.4305       0.974305
    7         0            622            0.5        107.668        1.07668
    7         0            692            0.5        117.652        1.17652
    7         0            762            0.5        127.419        1.27419
    7         0            837            0.5        137.676        1.37676
    7         0            912            0.5        147.747        1.47747
    7         0            987            0.5        157.659        1.57659
    7         0           1062            0.5        167.429        1.67429
    7         0           1142            0.5        177.716        1.77716
    7         0           1222            0.5         187.88         1.8788
    7         0           1302            0.5        197.937        1.97937
    7         0           1382            0.5        207.899        2.07899
    7         1             95            0.5        13.8804       0.138804
    7         1            130            0.5        22.6572       0.226572
    7         1            170            0.5         31.441        0.31441
    7         1            215            0.5        40.2922       0.402922
    7         1            265            0.5        49.2668       0.492668
    7         1            320            0.5        58.4267       0.584267
    7         1            380            0.5        67.8316       0.678316
    7         1            440            0.5        76.8005       0.768005
    7         1            500            0.5        85.4475       0.854475
    7         1            565            0.5        94.5359       0.945359
    7         1            630            0.5        103.395        1.03395
    7         1            700            0.5        112.727        1.12727
    7         1            770            0.5        121.881        1.21881
    7         1            840            0.5        130.884        1.30884
    7         1            910            0.5        139.757        1.39757
    7         1            980            0.5        148.517        1.48517
    7         1           1055            0.5        157.792        1.57792
    7         1           1130            0.5        166.967        1.66967
    7         1           1200            0.5         175.45         1.7545
    7         1           1275            0.5        184.462        1.84462
    7         1           1355            0.5        193.995        1.93995
    7         1           1430            0.5        202.867        2.02867
    7         2            110            0.5        12.4498       0.124498
    7         2            138            0.5        20.0153       0.200153
    7         2            174            0.5        28.5225       0.285225
    7         2            214            0.5        36.9959       0.369959
    7         2            254            0.5        44.7956       0.447956
    7         2            298            0.5        52.8324       0.528324
    7         2            342            0.5        60.4485       0.604485
    7         2            390            0.5         68.388        0.68388
    7         2            442            0.5        76.6446       0.766446
    7         2            494            0.5        84.6099       0.846099
    7         2            550            0.5        92.9178       0.929178
    7         2            606            0.5        100.989        1.00989
    7         2            662            0.5        108.858        1.08858
    7         2            718            0.5         116.55         1.1655
    7         2            778            0.5         124.62         1.2462
    7         2            838            0.5        132.535        1.32535
    7         2            902            0.5        140.826        1.40826
    7         2            966            0.5        148.978        1.48978
    7         2           1026            0.5        156.508        1.56508
    7         2           1094            0.5        164.924        1.64924
    7         2           1158            0.5        172.744        1.72744
    7         2           1226            0.5        180.956        1.80956
    7         3             78            0.5        16.9404       0.169404
    7         3            118            0.5        26.4205       0.264205
    7         3            166            0.5        35.5891       0.355891
    7         3            218            0.5        44.7853       0.447853
    7         3            270            0.5        53.5779       0.535779
    7         3            326            0.5        62.7414       0.627414
    7         3            382            0.5        71.6634       0.716634
    7         3            438            0.5        80.3894       0.803894
    7         3            498            0.5        89.5554       0.895554
    7         3            558            0.5        98.5577       0.985577
    7         3            618            0.5        107.418        1.07418
    7         3            682            0.5        116.729        1.16729
    7         3            746            0.5        125.912        1.25912
    7         3            810            0.5        134.981        1.34981
    7         3            874            0.5        143.946        1.43946
    7         3            938            0.5        152.817        1.52817
    7         3           1002            0.5        161.603        1.61603
    7         3           1070            0.5        170.853        1.70853
    7         3           1134            0.5        179.485        1.79485
    7         3           1202            0.5        188.586        1.88586
    7         3           1270            0.5        197.619        1.97619
    7         3           1338            0.5        206.589        2.06589
    8         0            103            0.5        11.4735       0.114735
    8         0            139            0.5        20.7146       0.207146
    8         0            179            0.5        29.6627       0.296627
    8         0            223            0.5        38.5352       0.385352
    8         0            271            0.5        47.4442       0.474442
    8         0            323            0.5        56.4577       0.564577
    8         0            379            0.5        65.6193       0.656193
    8         0            439            0.5        74.9573       0.749573
    8         0            499            0.5        83.9069       0.839069
    8         0            559            0.5        92.5422       0.925422
    8         0            623            0.5        101.467        1.01467
    8         0            691            0.5        110.679        1.10679
    8         0            759            0.5        119.654        1.19654
    8         0            831            0.5         128.94         1.2894
    8         0            899            0.5        137.532        1.37532
    8         0            975            0.5        146.959        1.46959
    8         0           1047            0.5        155.741        1.55741
    8         0           1123            0.5        164.875        1.64875
    8         0           1199            0.5        173.887        1.73887
    8         0           1275            0.5        182.791        1.82791
    8         1            131            0.5        16.6103       0.166103
    8         1            171            0.5        24.3942       0.243942
    8         1            215            0.5        32.4134       0.324134
    8         1            263            0.5         40.641        0.40641
    8         1            311            0.5        48.4153       0.484153
    8         1            363            0.5        56.4055       0.564055
    8         1            419            0.5         64.585        0.64585
    8         1            479            0.5        72.9363       0.729363
    8         1            539            0.5        80.9298       0.809298
    8         1            599            0.5        88.6226       0.886226
    8         1            663            0.5        96.5496       0.965496
    8         1            731            0.5        104.709        1.04709
    8         1            799            0.5        112.641        1.12641
    8         1            871            0.5        120.834        1.20834
    8         1            943            0.5         128.85         1.2885
    8         1           1015            0.5        136.721        1.36721
    8         1           1091            0.5        144.898        1.44898
    8         1           1167            0.5        152.961        1.52961
    8         1           1243            0.5        160.933        1.60933
    8         1           1319            0.5        168.828        1.68828
    8         1           1395            0.5        176.659        1.76659
    8         2            105            0.5        11.1393       0.111393
    8         2            140            0.5        21.2276       0.212276
    8         2            185            0.5        31.7699       0.317699
    8         2            235            0.5         41.861        0.41861
    8         2            290            0.5        51.8971       0.518971
    8         2            345            0.5        61.2666       0.612666
    8         2            410            0.5        71.7742       0.717742
    8         2            475            0.5        81.8381       0.818381
    8         2            540            0.5         91.557        0.91557
    8         2            610            0.5        101.707        1.01707
    8         2            680            0.5        111.578        1.11578
    8         2            755            0.5        121.887        1.21887
    8         2            830            0.5        131.955        1.31955
    8         2            905            0.5         141.81         1.4181
    8         2            980            0.5        151.477        1.51477
    8         2           1060            0.5        161.604        1.61604
    8         2           1140            0.5        171.559        1.71559
    8         2           1225            0.5        181.972        1.81972
    8         2           1305            0.5        191.631        1.91631
    8         2           1390            0.5        201.761        2.01761
    8         3            111            0.5        19.2532       0.192532
    8         3            141            0.5        26.5961       0.265961
    8         3            174            0.5        33.5093       0.335093
    8         3            210            0.5        40.5237       0.405237
    8         3            249            0.5        47.7648       0.477648
    8         3            288            0.5        54.7474       0.547474
    8         3            327            0.5        61.5306       0.615306
    8         3            369            0.5        68.6535       0.686535
    8         3            411            0.5        75.6162       0.756162
    8         3            456            0.5         82.923        0.82923
    8         3            498            0.5        89.6169       0.896169
    8         3            543            0.5        96.6692       0.966692
    8         3            588            0.5         103.61         1.0361
    8         3            636            0.5        110.904        1.10904
    8         3            681            0.5        117.648        1.17648
    8         3            729            0.5         124.75         1.2475
    8         3            777            0.5        131.766        1.31766
    8         3            825            0.5        138.703        1.38703
    8         3            876            0.5        145.994        1.45994
    8         3            924            0.5        152.789        1.52789
    8         3            975            0.5         159.94         1.5994
    9         0            109            0.5        14.9567       0.149567
    9         0            141            0.5        23.2144       0.232144
    9         0            181            0.5        31.3183       0.313183
    9         0            225            0.5        39.3604       0.393604
    9         0            273            0.5        47.6091       0.476091
    9         0            321            0.5        55.5054       0.555054
    9         0            373            0.5        63.7682       0.637682
    9         0            425            0.5        71.7915       0.717915
    9         0            477            0.5        79.6165       0.796165
    9         0            533            0.5        87.8546       0.878546
    9         0            589            0.5        95.9226       0.959226
    9         0            645            0.5        103.841        1.03841
    9         0            701            0.5        111.626        1.11626
    9         0            761            0.5        119.834        1.19834
    9         0            821            0.5        127.919        1.27919
    9         0            881            0.5        135.891        1.35891
    9         0            941            0.5         143.76         1.4376
    9         0           1001            0.5        151.536        1.51536
    9         0           1065            0.5        159.736        1.59736
    9         0           1129            0.5        167.846        1.67846
    9         0           1193            0.5        175.874        1.75874
    9         1             96            0.5        17.8866       0.178866
    9         1            136            0.5        27.3411       0.273411
    9         1            184            0.5        36.4224       0.364224
    9         1            236            0.5        45.4093       0.454093
    9         1            292            0.5        54.5888       0.545888
    9         1            348            0.5        63.4375       0.634375
    9         1            408            0.5        72.6517       0.726517
    9         1            468            0.5          81.65         0.8165
    9         1            528            0.5        90.4705       0.904705
    9         1            592            0.5        99.7127       0.997127
    9         1            656            0.5        108.806        1.08806
    9         1            720            0.5        117.769        1.17769
    9         1            784            0.5        126.615        1.26615
    9         1            852            0.5        135.899        1.35899
    9         1            916            0.5        144.539        1.44539
    9         1            984            0.5        153.624        1.53624
    9         1           1052            0.5         162.62         1.6262
    9         1           1120            0.5        171.534        1.71534
    9         1           1192            0.5         180.89         1.8089
    9         1           1260            0.5        189.655        1.89655
    9         1           1332            0.5        198.864        1.98864
    9         2            119            0.5        19.0404       0.190404
    9         2            163            0.5        28.5607       0.285607
    9         2            215            0.5        37.5886       0.375886
    9         2            271            0.5        46.5021       0.465021
    9         2            331            0.5        55.5844       0.555844
    9         2            395            0.5        64.9341       0.649341
    9         2            455            0.5        73.4701       0.734701
    9         2            523            0.5        82.9354       0.829354
    9         2            587            0.5        91.6777       0.916777
    9         2            655            0.5        100.818        1.00818
    9         2            723            0.5        109.825        1.09825
    9         2            791            0.5        118.717        1.18717
    9         2            859            0.5        127.506        1.27506
    9         2            931            0.5        136.711        1.36711
    9         2           1003            0.5        145.824        1.45824
    9         2           1075            0.5        154.852        1.54852
    9         2           1147            0.5        163.805        1.63805
    9         2           1219            0.5        172.688        1.72688
    9         2           1295            0.5        181.995        1.81995
    9         2           1367            0.5        190.752        1.90752
    9         2           1443            0.5        199.936        1.99936
    9         3            112            0.5        15.6728       0.156728
    9         3            139            0.5        22.8689       0.228689
    9         3            172            0.5         29.917        0.29917
    9         3            208            0.5        36.7921       0.367921
    9         3            247            0.5        43.7412       0.437412
    9         3            289            0.5        50.8586       0.508586
    9         3            331            0.5        57.7059       0.577059
    9         3            376            0.5        64.8135       0.648135
    9         3            421            0.5        71.7298       0.717298
    9         3            469            0.5        78.9323       0.789323
    9         3            517            0.5         85.981        0.85981
    9         3            565            0.5        92.8962       0.928962
    9         3            613            0.5        99.6938       0.996938
    9         3            664            0.5        106.802        1.06802
    9         3            715            0.5        113.804        1.13804
    9         3            766            0.5        120.711        1.20711
    9         3            820            0.5        127.931        1.27931
    9         3            871            0.5        134.669        1.34669
    9         3            925            0.5        141.726        1.41726
    9         3            979            0.5        148.709        1.48709
    9         3           1033            0.5        155.625        1.55625
    9         3           1090            0.5        162.858        1.62858
    9         3           1144            0.5        169.652        1.69652
   10         0             99            0.5        8.84212      0.0884212
   10         0            127            0.5        16.4518       0.164518
   10         0            159            0.5        23.6885       0.236885
   10         0            195            0.5        30.7772       0.307772
   10         0            235            0.5        37.8777       0.378777
   10         0            275            0.5         44.468        0.44468
   10         0            323            0.5        51.9353       0.519353
   10         0            367            0.5        58.4817       0.584817
   10         0            419            0.5        65.9431       0.659431
   10         0            467            0.5        72.6186       0.726186
   10         0            519            0.5         79.659        0.79659
   10         0            571            0.5        86.5275       0.865275
   10         0            627            0.5        93.7548       0.937548
   10         0            683            0.5        100.825        1.00825
   10         0            739            0.5        107.754        1.07754
   10         0            795            0.5        114.554        1.14554
   10         0            855            0.5        121.709        1.21709
   10         0            915            0.5        128.741        1.28741
   10         0            975            0.5         135.66         1.3566
   10         0           1039            0.5        142.926        1.42926
   10         0           1099            0.5        149.639        1.49639
   10         0           1163            0.5        156.703        1.56703
   10         1            106            0.5        14.9975       0.149975
   10         1            138            0.5        22.6778       0.226778
   10         1            174            0.5        29.4299       0.294299
   10         1            218            0.5        36.8351       0.368351
   10         1            262            0.5        43.7831       0.437831
   10         1            306            0.5        50.4512       0.504512
   10         1            354            0.5        57.5004       0.575004
   10         1            406            0.5        64.9348       0.649348
   10         1            454            0.5        71.6475       0.716475
   10         1            506            0.5         78.784        0.78784
   10         1            558            0.5        85.7993       0.857993
   10         1            610            0.5        92.7081       0.927081
   10         1            662            0.5        99.5222       0.995222
   10         1            718            0.5        106.766        1.06766
   10         1            774            0.5         113.92         1.1392
   10         1            830            0.5        120.992        1.20992
   10         1            886            0.5         127.99         1.2799
   10         1            942            0.5         134.92         1.3492
   10         1            998            0.5        141.786        1.41786
   10         1           1054            0.5        148.593        1.48593
   10         1           1114            0.5        155.824        1.55824
   10         1           1174            0.5        162.997        1.62997
   10         1           1230            0.5        169.642        1.69642
   10         2            121            0.5        9.83418      0.0983418
   10         2            157            0.5        17.9107       0.179107
   10         2            197            0.5        25.8587       0.258587
   10         2            241            0.5        33.9061       0.339061
   10         2            285            0.5         41.437        0.41437
   10         2            337            0.5        49.8199       0.498199
   10         2            389            0.5        57.7496       0.577496
   10         2            445            0.5        65.8743       0.658743
   10         2            501            0.5        73.6414       0.736414
   10         2            561            0.5        81.6316       0.816316
   10         2            625            0.5        89.8366       0.898366
   10         2            689            0.5        97.7648       0.977648
   10         2            757            0.5        105.932        1.05932
   10         2            825            0.5        113.874        1.13874
   10         2            893            0.5        121.625        1.21625
   10         2            965            0.5        129.651        1.29651
   10         2           1041            0.5         137.95         1.3795
   10         2           1113            0.5        145.672        1.45672
   10         2           1189            0.5        153.695        1.53695
   10         2           1265            0.5        161.603        1.61603
   10         2           1345            0.5        169.821        1.69821
   10         3            105            0.5        18.4715       0.184715
   10         3            141            0.5        25.7292       0.257292
   10         3            177            0.5        32.6433       0.326433
   10         3            217            0.5        39.9997       0.399997
   10         3            253            0.5        46.3723       0.463723
   10         3            297            0.5        53.8873       0.538873
   10         3            337            0.5        60.4917       0.604917
   10         3            381            0.5        67.5381       0.675381
   10         3            429            0.5        74.9957       0.749957
   10         3            473            0.5        81.6465       0.816465
   10         3            521            0.5        88.7225       0.887225
   10         3            569            0.5        95.6319       0.956319
   10         3            621            0.5        102.949        1.02949
   10         3            669            0.5        109.565        1.09565
   10         3            721            0.5        116.597        1.16597
   10         3            773            0.5        123.503        1.23503
   10         3            829            0.5        130.812        1.30812
   10         3            881            0.5        137.492        1.37492
   10         3            937            0.5        144.582        1.44582
   10         3            993            0.5        151.574        1.51574
   10         3           1053            0.5        158.966        1.58966
   10         3           1109            0.5        165.782        1.65782
   11         0            135            0.5        13.8277       0.138277
   11         0            159            0.5         20.251        0.20251
   11         0            189            0.5        27.4432       0.274432
   11         0            222            0.5        34.6675       0.346675
   11         0            258            0.5        41.9846       0.419846
   11         0            294            0.5        48.8683       0.488683
   11         0            333            0.5        55.9475       0.559475
   11         0            372            0.5        62.7114       0.627114
   11         0            414            0.5        69.7064       0.697064
   11         0            459            0.5         76.924        0.76924
   11         0            504            0.5        83.9003       0.839003
   11         0            549            0.5        90.6713       0.906713
   11         0            597            0.5         97.699        0.97699
   11         0            648            0.5        104.976        1.04976
   11         0            696            0.5        111.671        1.11671
   11         0            747            0.5         118.64         1.1864
   11         0            801            0.5        125.878        1.25878
   11         0            855            0.5        132.989        1.32989
   11         0            909            0.5        139.989        1.39989
   11         0            963            0.5        146.892        1.46892
   11         0           1017            0.5        153.707        1.53707
   11         0           1074            0.5        160.819        1.60819
   11         0           1131            0.5        167.855        1.67855
   11         1            119            0.5        27.8202       0.278202
   11         1            161            0.5        34.8298       0.348298
   11         1            203            0.5        41.7508       0.417508
   11         1            245            0.5        48.5756       0.485756
   11         1            290            0.5        55.7715       0.557715
   11         1            335            0.5        62.8395       0.628395
   11         1            380            0.5        69.7746       0.697746
   11         1            425            0.5        76.5754       0.765754
   11         1            473            0.5        83.6837       0.836837
   11         1            521            0.5        90.6468       0.906468
   11         1            572            0.5        97.8954       0.978954
   11         1            620            0.5        104.588        1.04588
   11         1            674            0.5        111.982        1.11982
   11         1            725            0.5         118.85         1.1885
   11         1            776            0.5         125.62         1.2562
   11         1            830            0.5        132.698        1.32698
   11         1            884            0.5          139.7          1.397
   11         1            938            0.5         146.64         1.4664
   11         1            995            0.5        153.915        1.53915
   11         1           1049            0.5        160.771        1.60771
   11         2            135            0.5        17.9144       0.179144
   11         2            165            0.5        23.8091       0.238091
   11         2            201            0.5        29.7135       0.297135
   11         2            240            0.5        35.5957       0.355957
   11         2            282            0.5         41.617        0.41617
   11         2            327            0.5        47.8374       0.478374
   11         2            372            0.5         53.885        0.53885
   11         2            417            0.5        59.7972       0.597972
   11         2            465            0.5        65.9812       0.659812
   11         2            510            0.5        71.6805       0.716805
   11         2            558            0.5        77.6685       0.776685
   11         2            609            0.5        83.9395       0.839395
   11         2            657            0.5        89.7645       0.897645
   11         2            708            0.5        95.8794       0.958794
   11         2            759            0.5        101.925        1.01925
   11         2            810            0.5        107.906        1.07906
   11         2            861            0.5        113.829        1.13829
   11         2            912            0.5        119.696        1.19696
   11         2            966            0.5        125.854        1.25854
   11         2           1020            0.5        131.959        1.31959
   11         2           1071            0.5        137.679        1.37679
   11         2           1125            0.5         143.69         1.4369
   11         3            105            0.5        19.3871       0.193871
   11         3            141            0.5        26.3307       0.263307
   11         3            185            0.5          33.76         0.3376
   11         3            229            0.5        40.7896       0.407896
   11         3            273            0.5        47.5625       0.475625
   11         3            321            0.5        54.7237       0.547237
   11         3            369            0.5         61.687        0.61687
   11         3            417            0.5        68.4792       0.684792
   11         3            469            0.5        75.6673       0.756673
   11         3            521            0.5        82.6977       0.826977
   11         3            573            0.5        89.5862       0.895862
   11         3            629            0.5        96.8614       0.968614
   11         3            681            0.5        103.496        1.03496
   11         3            737            0.5        110.521        1.10521
   11         3            797            0.5        117.923        1.17923
   11         3            853            0.5        124.724        1.24724
   11         3            913            0.5        131.905        1.31905
   11         3            973            0.5        138.985        1.38985
   11         3           1033            0.5        145.972        1.45972
   11         3           1093            0.5        152.873        1.52873
