 *tel    numcsi   CsIInVoltage     errCsIInVoltage           CsIE       errCsIE
    0         0      0.0307874    0.000307874        8.47126      0.0847126
    0         0       0.149341     0.00149341        24.6238       0.246238
    0         0       0.266972     0.00266972        40.1162       0.401162
    0         0        0.39205      0.0039205        56.9499       0.569499
    0         0       0.503185     0.00503185        72.2315       0.722315
    0         0       0.621089     0.00621089        88.7473       0.887473
    0         0       0.731806     0.00731806        104.536        1.04536
    0         0       0.842627     0.00842627        120.557        1.20557
    0         0        0.95534      0.0095534        136.812        1.36812
    0         0        1.06189      0.0106189        152.262        1.52262
    0         0         1.1769       0.011769        168.968        1.68968
    0         0        1.28741      0.0128741        184.844        1.84844
    0         0        1.40053      0.0140053        200.926        2.00926
    0         0        1.50801      0.0150801        216.118        2.16118
    0         0        1.62529      0.0162529        232.593        2.32593
    0         0        1.73569      0.0173569        248.147        2.48147
    0         0        1.84736      0.0184736        263.875        2.63875
    0         0        1.96733      0.0196733        280.909        2.80909
    0         0         2.0798       0.020798         296.98         2.9698
    0         0        2.18539      0.0218539        312.051        3.12051
    0         0        2.29864      0.0229864        328.439        3.28439
    0         1      0.0216507    0.000216507        6.81698      0.0681698
    0         1       0.149574     0.00149574        24.5556       0.245556
    0         1        0.27532      0.0027532        41.9294       0.419294
    0         1       0.393518     0.00393518        58.1183       0.581183
    0         1       0.520194     0.00520194        75.5531       0.755531
    0         1       0.638521     0.00638521        91.9673       0.919673
    0         1       0.765753     0.00765753        109.743        1.09743
    0         1       0.883638     0.00883638        126.535        1.26535
    0         1        1.00388      0.0100388        143.534        1.43534
    0         1        1.12477      0.0112477        160.749        1.60749
    0         1        1.24063      0.0124063        176.934        1.76934
    0         1        1.36796      0.0136796        194.577        1.94577
    0         1        1.48904      0.0148904        211.159        2.11159
    0         1        1.61268      0.0161268        227.933        2.27933
    0         1        1.73802      0.0173802        244.894        2.44894
    0         1        1.86414      0.0186414        262.046        2.62046
    0         1        1.99031      0.0199031         279.38         2.7938
    0         1        2.11719      0.0211719        296.899        2.96899
    0         1        2.23551      0.0223551        313.221        3.13221
    0         1          2.354        0.02354        329.704        3.29704
    0         1         2.4819       0.024819        347.719        3.47719
    0         2      0.0373445    0.000373445        8.73823      0.0873823
    0         2        0.16495      0.0016495        25.8237       0.258237
    0         2       0.291902     0.00291902        42.5592       0.425592
    0         2       0.418954     0.00418954        59.2636       0.592636
    0         2       0.546484     0.00546484        76.0301       0.760301
    0         2       0.673775     0.00673775        92.9075       0.929075
    0         2       0.801235     0.00801235        109.928        1.09928
    0         2       0.929385     0.00929385         127.11         1.2711
    0         2        1.05912      0.0105912        144.468        1.44468
    0         2        1.18269      0.0118269         160.84         1.6084
    0         2         1.3188       0.013188        178.564        1.78564
    0         2        1.44839      0.0144839        195.282        1.95282
    0         2        1.58077      0.0158077        212.172        2.12172
    0         2        1.71617      0.0171617        229.233        2.29233
    0         2        1.85316      0.0185316        246.463        2.46463
    0         2        1.99009      0.0199009        263.858        2.63858
    0         2        2.11799      0.0211799        280.156        2.80156
    0         2        2.25714      0.0225714        297.869        2.97869
    0         2        2.38548      0.0238548        314.465        3.14465
    0         2        2.51496      0.0251496        331.199        3.31199
    0         2        2.64485      0.0264485        348.063        3.48063
    0         3      0.0246106    0.000246106        8.00193      0.0800193
    0         3       0.140675     0.00140675        23.0345       0.230345
    0         3       0.260221     0.00260221        38.6966       0.386966
    0         3       0.373036     0.00373036        53.4284       0.534284
    0         3       0.485577     0.00485577        68.2849       0.682849
    0         3       0.598005     0.00598005        83.2992       0.832992
    0         3       0.710987     0.00710987        98.4918       0.984918
    0         3       0.823506     0.00823506        113.874        1.13874
    0         3       0.929125     0.00929125        128.408        1.28408
    0         3        1.03563      0.0103563        143.117        1.43117
    0         3         1.1441       0.011441        158.002        1.58002
    0         3        1.25495      0.0125495        173.068        1.73068
    0         3        1.36884      0.0136884         188.31         1.8831
    0         3        1.48472      0.0148472        203.725        2.03725
    0         3        1.59427      0.0159427        218.196        2.18196
    0         3        1.71386      0.0171386        233.945        2.33945
    0         3        1.82557      0.0182557        248.724        2.48724
    0         3        1.93783      0.0193783        263.643        2.63643
    0         3        2.05065      0.0205065        278.708        2.78708
    0         3        2.16413      0.0216413        293.908        2.93908
    0         3        2.26904      0.0226904        308.057        3.08057
    0         3        2.38341      0.0238341        323.527        3.23527
    1         0      0.0274619    0.000274619        6.92368      0.0692368
    1         0        0.15259      0.0015259        23.7305       0.237305
    1         0       0.274647     0.00274647        39.2371       0.392371
    1         0        0.39771      0.0039771        55.0493       0.550493
    1         0       0.521057     0.00521057        71.1573       0.711573
    1         0       0.643989     0.00643989        87.5169       0.875169
    1         0       0.758686     0.00758686        102.996        1.02996
    1         0       0.882073     0.00882073        119.803        1.19803
    1         0         0.9982       0.009982        135.699        1.35699
    1         0        1.11604      0.0111604        151.799        1.51799
    1         0        1.22812      0.0122812         166.93         1.6693
    1         0        1.35161      0.0135161        183.423        1.83423
    1         0        1.46927      0.0146927        198.923        1.98923
    1         0        1.59816      0.0159816         215.81         2.1581
    1         0        1.71942      0.0171942        231.674        2.31674
    1         0         1.8421       0.018421        247.706        2.47706
    1         0        1.96512      0.0196512        263.909        2.63909
    1         0        2.07886      0.0207886        279.017        2.79017
    1         0        2.20241      0.0220241        295.536        2.95536
    1         0        2.31721      0.0231721        310.931        3.10931
    1         0        2.44228      0.0244228        327.757        3.27757
    1         1      0.0357706    0.000357706        7.98339      0.0798339
    1         1       0.150504     0.00150504        23.4416       0.234416
    1         1       0.272975     0.00272975        39.8075       0.398075
    1         1       0.387634     0.00387634        55.0734       0.550734
    1         1       0.509454     0.00509454        71.4915       0.714915
    1         1       0.624078     0.00624078        86.9098       0.869098
    1         1       0.746247     0.00746247        103.556        1.03556
    1         1       0.860356     0.00860356        119.227        1.19227
    1         1        0.97558      0.0097558         135.04         1.3504
    1         1        1.09194      0.0109194            151           1.51
    1         1        1.21165      0.0121165        167.114        1.67114
    1         1        1.33356      0.0133356        183.384        1.83384
    1         1        1.45894      0.0145894        199.811        1.99811
    1         1        1.57725      0.0157725        215.204        2.15204
    1         1        1.70696      0.0170696        231.931        2.31931
    1         1        1.82854      0.0182854        247.601        2.47601
    1         1        1.95075      0.0195075        263.403        2.63403
    1         1        2.07333      0.0207333        279.335        2.79335
    1         1        2.19603      0.0219603        295.397        2.95397
    1         1        2.31958      0.0231958        311.576        3.11576
    1         1        2.44391      0.0244391        327.883        3.27883
    1         2      0.0344103    0.000344103        8.44853      0.0844853
    1         2       0.152644     0.00152644        23.9083       0.239083
    1         2       0.261515     0.00261515        38.2569       0.382569
    1         2       0.378464     0.00378464        53.5796       0.535796
    1         2       0.494902     0.00494902         68.988        0.68988
    1         2       0.605401     0.00605401        83.5454       0.835454
    1         2        0.71449      0.0071449        98.2301       0.982301
    1         2        0.82466      0.0082466        113.056        1.13056
    1         2       0.934718     0.00934718        128.034        1.28034
    1         2        1.04636      0.0104636        143.172        1.43172
    1         2        1.15967      0.0115967        158.467        1.58467
    1         2        1.27587      0.0127587        173.931        1.73931
    1         2         1.3868       0.013868        188.512        1.88512
    1         2            1.5          0.015        203.238        2.03238
    1         2        1.61514      0.0161514        218.109        2.18109
    1         2         1.7312       0.017312        233.119        2.33119
    1         2         1.8481       0.018481        248.271        2.48271
    1         2        1.96598      0.0196598        263.566        2.63566
    1         2        2.08488      0.0208488        278.994        2.78994
    1         2        2.19549      0.0219549        293.444        2.93444
    1         2        2.30659      0.0230659        308.013        3.08013
    1         3      0.0347221    0.000347221        8.76454      0.0876454
    1         3       0.145976     0.00145976        24.2203       0.242203
    1         3       0.261487     0.00261487        40.0283       0.400283
    1         3       0.385335     0.00385335        56.7584       0.567584
    1         3       0.501525     0.00501525        72.5933       0.725933
    1         3       0.618219     0.00618219        88.5779       0.885779
    1         3       0.734451     0.00734451        104.747        1.04747
    1         3       0.843564     0.00843564        120.089        1.20089
    1         3       0.961039     0.00961039        136.666        1.36666
    1         3        1.07223      0.0107223        152.411        1.52411
    1         3        1.18555      0.0118555        168.357        1.68357
    1         3        1.30185      0.0130185        184.508        1.84508
    1         3        1.42095      0.0142095        200.864        2.00864
    1         3        1.53418      0.0153418         216.31         2.1631
    1         3        1.64922      0.0164922        231.932        2.31932
    1         3        1.77401      0.0177401        248.865        2.48865
    1         3         1.8906       0.018906        264.844        2.64844
    1         3        2.00819      0.0200819        280.991        2.80991
    1         3        2.11796      0.0211796        296.136        2.96136
    1         3         2.2366       0.022366        312.602        3.12602
    2         0      0.0369322    0.000369322         7.9807       0.079807
    2         0       0.135993     0.00135993        21.1476       0.211476
    2         0       0.247693     0.00247693        35.9135       0.359135
    2         0       0.346389     0.00346389        49.0709       0.490709
    2         0       0.451328     0.00451328        63.3031       0.633031
    2         0       0.556216     0.00556216        77.6359       0.776359
    2         0       0.654033     0.00654033        91.1046       0.911046
    2         0       0.759842     0.00759842        105.644        1.05644
    2         0       0.858616     0.00858616        119.329        1.19329
    2         0       0.957164     0.00957164        133.135        1.33135
    2         0        1.05688      0.0105688        147.073        1.47073
    2         0        1.15889      0.0115889         161.15         1.6115
    2         0        1.26243      0.0126243        175.367        1.75367
    2         0        1.36942      0.0136942        189.734        1.89734
    2         0         1.4698       0.014698        203.205        2.03205
    2         0        1.57929      0.0157929         217.86         2.1786
    2         0         1.6827       0.016827          231.6          2.316
    2         0        1.78685      0.0178685        245.472        2.45472
    2         0         1.8915       0.018915        259.471        2.59471
    2         0        1.99677      0.0199677        273.604        2.73604
    2         0        2.10257      0.0210257        287.858        2.87858
    2         0        2.20031      0.0220031        301.127        3.01127
    2         1      0.0228025    0.000228025        6.03824      0.0603824
    2         1        0.12314      0.0012314        21.1395       0.211395
    2         1       0.232857     0.00232857         36.558        0.36558
    2         1       0.336636     0.00336636        51.2383       0.512383
    2         1       0.440554     0.00440554        66.1781       0.661781
    2         1       0.544777     0.00544777        81.3894       0.813894
    2         1       0.649756     0.00649756        96.8753       0.968753
    2         1        0.74771      0.0074771        111.706        1.11706
    2         1       0.845951     0.00845951        126.787        1.26787
    2         1       0.938214     0.00938214        141.157        1.41157
    2         1         1.0379       0.010379         156.73         1.5673
    2         1         1.1323       0.011323        171.565        1.71565
    2         1        1.23022      0.0123022        186.623        1.86623
    2         1        1.32883      0.0132883        201.905        2.01905
    2         1        1.42246      0.0142246        216.366        2.16366
    2         1        1.51757      0.0151757        231.021        2.31021
    2         1        1.62097      0.0162097         246.93         2.4693
    2         1        1.71842      0.0171842        261.977        2.61977
    2         1        1.80967      0.0180967        276.109        2.76109
    2         1        1.90836      0.0190836        291.502        2.91502
    2         1        2.00056      0.0200056        305.964        3.05964
    2         2      0.0333671    0.000333671        7.39311      0.0739311
    2         2       0.142092     0.00142092        21.9807       0.219807
    2         2       0.241794     0.00241794         35.206        0.35206
    2         2       0.349952     0.00349952        49.2315       0.492315
    2         2       0.457335     0.00457335        63.2427       0.632427
    2         2       0.565368     0.00565368        77.3209       0.773209
    2         2       0.672713     0.00672713        91.5148       0.915148
    2         2       0.780033     0.00780033        105.858        1.05858
    2         2       0.880665     0.00880665        119.399        1.19399
    2         2       0.983329     0.00983329        133.101        1.33101
    2         2        1.09289      0.0109289        147.971        1.47971
    2         2        1.19027      0.0119027         161.02         1.6102
    2         2        1.29727      0.0129727        175.247        1.75247
    2         2        1.40639      0.0140639        189.651        1.89651
    2         2        1.50969      0.0150969        203.194        2.03194
    2         2        1.62274      0.0162274        217.948        2.17948
    2         2        1.72874      0.0172874        231.811        2.31811
    2         2        1.83569      0.0183569        245.827        2.45827
    2         2        1.94341      0.0194341        259.995        2.59995
    2         2        2.04305      0.0204305        273.204        2.73204
    2         2        2.15157      0.0215157        287.661        2.87661
    2         3       0.031276     0.00031276        7.37357      0.0737357
    2         3       0.135639     0.00135639        21.8589       0.218589
    2         3       0.238891     0.00238891        35.4558       0.354558
    2         3       0.341547     0.00341547        49.2753       0.492753
    2         3       0.444458     0.00444458        63.2766       0.632766
    2         3       0.547407     0.00547407        77.4231       0.774231
    2         3       0.651569     0.00651569        91.7092       0.917092
    2         3       0.748594     0.00748594        105.286        1.05286
    2         3       0.852053     0.00852053        119.861        1.19861
    2         3       0.949594     0.00949594        133.727        1.33727
    2         3        1.04808      0.0104808        147.742        1.47742
    2         3        1.14926      0.0114926        161.911        1.61911
    2         3        1.24535      0.0124535         175.34         1.7534
    2         3        1.34962      0.0134962        189.818        1.89818
    2         3        1.44963      0.0144963        203.539        2.03539
    2         3        1.55191      0.0155191        217.401        2.17401
    2         3        1.65478      0.0165478        231.407        2.31407
    2         3        1.75861      0.0175861        245.553        2.45553
    2         3        1.86316      0.0186316        259.838        2.59838
    2         3        1.96102      0.0196102        273.297        2.73297
    2         3        2.06631      0.0206631        287.847        2.87847
    3         0      0.0323886    0.000323886        7.19654      0.0719654
    3         0        0.12269      0.0012269        19.4833       0.194833
    3         0       0.214519     0.00214519        31.5395       0.315395
    3         0       0.307886     0.00307886        43.6232       0.436232
    3         0       0.400892     0.00400892        55.8136       0.558136
    3         0        0.48979      0.0048979        67.3356       0.673356
    3         0       0.583278     0.00583278        79.7237       0.797237
    3         0        0.67055      0.0067055         91.435        0.91435
    3         0       0.758864     0.00758864        103.245        1.03245
    3         0       0.853068     0.00853068         115.96         1.1596
    3         0       0.941099     0.00941099        127.995        1.27995
    3         0        1.02426      0.0102426        139.332        1.39332
    3         0        1.11529      0.0111529        151.595        1.51595
    3         0        1.20705      0.0120705        163.982        1.63982
    3         0        1.29391      0.0129391        175.654        1.75654
    3         0        1.38373      0.0138373        187.434        1.87434
    3         0        1.47407      0.0147407        199.324        1.99324
    3         0        1.56537      0.0156537        211.326        2.11326
    3         0        1.65769      0.0165769        223.438        2.23438
    3         0        1.75137      0.0175137        235.657        2.35657
    3         0        1.84526      0.0184526        247.982        2.47982
    3         1      0.0362631    0.000362631        7.16054      0.0716054
    3         1       0.123182     0.00123182        19.2228       0.192228
    3         1       0.214298     0.00214298        31.3806       0.313806
    3         1       0.311025     0.00311025        43.9286       0.439286
    3         1       0.402945     0.00402945         55.545        0.55545
    3         1       0.500828     0.00500828        67.9386       0.679386
    3         1       0.592366     0.00592366        79.6479       0.796479
    3         1       0.683612     0.00683612        91.4961       0.914961
    3         1       0.775388     0.00775388        103.514        1.03514
    3         1       0.867972     0.00867972        115.722        1.15722
    3         1       0.953761     0.00953761        127.297        1.27297
    3         1        1.04676      0.0104676          139.9          1.399
    3         1        1.13482      0.0113482        151.857        1.51857
    3         1        1.21937      0.0121937        163.125        1.63125
    3         1        1.31075      0.0131075        175.444        1.75444
    3         1        1.40366      0.0140366        187.949        1.87949
    3         1        1.49123      0.0149123        199.727        1.99727
    3         1        1.58005      0.0158005        211.662        2.11662
    3         1         1.6709       0.016709        223.755        2.23755
    3         1        1.75472      0.0175472         235.06         2.3506
    3         1        1.84587      0.0184587        247.451        2.47451
    3         2      0.0311205    0.000311205        8.80958      0.0880958
    3         2      0.0994041    0.000994041        21.8985       0.218985
    3         2       0.165144     0.00165144        34.4006       0.344006
    3         2        0.23769      0.0023769        47.5521       0.475521
    3         2       0.308656     0.00308656         60.658        0.60658
    3         2       0.381424     0.00381424        73.8346       0.738346
    3         2       0.447937     0.00447937        86.2578       0.862578
    3         2       0.520001     0.00520001        99.7447       0.997447
    3         2       0.587311     0.00587311        112.521        1.12521
    3         2       0.654729     0.00654729        125.498        1.25498
    3         2       0.721895     0.00721895        138.682        1.38682
    3         2       0.783625     0.00783625         151.12         1.5112
    3         2       0.851685     0.00851685        164.727        1.64727
    3         2       0.914191     0.00914191        177.563        1.77563
    3         2       0.977607     0.00977607        190.592        1.90592
    3         2        1.04043      0.0104043        203.813        2.03813
    3         2         1.1005       0.011005        216.189        2.16189
    3         2        1.16511      0.0116511        229.781        2.29781
    3         2        1.22611      0.0122611        242.498        2.42498
    3         2        1.28683      0.0128683        255.373        2.55373
    3         2        1.35015      0.0135015         268.41         2.6841
    3         2         1.4126       0.014126          281.6          2.816
    3         3       0.024153     0.00024153        5.91886      0.0591886
    3         3       0.132649     0.00132649        20.8199       0.208199
    3         3        0.23685      0.0023685        34.7086       0.347086
    3         3       0.343594     0.00343594        48.4631       0.484631
    3         3       0.449494     0.00449494        62.1928       0.621928
    3         3       0.562677     0.00562677        76.8858       0.768858
    3         3       0.668506     0.00668506        90.7581       0.907581
    3         3       0.775032     0.00775032        104.765        1.04765
    3         3       0.882233     0.00882233        118.932        1.18932
    3         3        0.98224      0.0098224        132.319        1.32319
    3         3        1.09088      0.0109088         146.85         1.4685
    3         3        1.19405      0.0119405        160.596        1.60596
    3         3        1.29937      0.0129937        174.527        1.74527
    3         3        1.40767      0.0140767        188.648        1.88648
    3         3        1.51732      0.0151732        202.953        2.02953
    3         3        1.62073      0.0162073        216.412        2.16412
    3         3        1.72535      0.0172535        230.033        2.30033
    3         3        1.83954      0.0183954        244.879        2.44879
    3         3        1.94554      0.0194554        258.841        2.58841
    3         3        2.05186      0.0205186        272.959        2.72959
    3         3        2.15023      0.0215023        286.133        2.86133
    3         3         2.2571       0.022571        300.555        3.00555
    4         0      0.0230209    0.000230209        5.77417      0.0577417
    4         0       0.108846     0.00108846        18.9316       0.189316
    4         0        0.19976      0.0019976        31.6801       0.316801
    4         0       0.291012     0.00291012        44.2943       0.442943
    4         0       0.387839     0.00387839        57.7825       0.577825
    4         0       0.479128     0.00479128        70.3808       0.703808
    4         0       0.576171     0.00576171        83.9221       0.839221
    4         0       0.667165     0.00667165        96.6292       0.966292
    4         0       0.758435     0.00758435        109.423        1.09423
    4         0       0.848337     0.00848337        122.323        1.22323
    4         0       0.940131     0.00940131         135.34         1.3534
    4         0        1.03128      0.0103128        148.486        1.48486
    4         0        1.12449      0.0112449        161.768        1.61768
    4         0        1.21298      0.0121298        174.227        1.74227
    4         0        1.30869      0.0130869        187.786        1.87786
    4         0         1.4003       0.014003        200.509        2.00509
    4         0        1.49235      0.0149235        213.358        2.13358
    4         0        1.58625      0.0158625         226.34         2.2634
    4         0        1.68081      0.0168081        239.447        2.39447
    4         0        1.77563      0.0177563        252.689        2.52689
    4         0        1.86464      0.0186464        265.022        2.65022
    4         0        1.96042      0.0196042        278.506        2.78506
    4         1      0.0208013    0.000208013        5.28288      0.0528288
    4         1       0.110461     0.00110461        19.4097       0.194097
    4         1       0.216961     0.00216961        33.8214       0.338214
    4         1       0.317142     0.00317142        47.2585       0.472585
    4         1       0.424248     0.00424248         61.747        0.61747
    4         1       0.524279     0.00524279        75.6046       0.756046
    4         1       0.624658     0.00624658        89.6698       0.896698
    4         1       0.725387     0.00725387        103.941        1.03941
    4         1       0.818781     0.00818781        117.501        1.17501
    4         1       0.913405     0.00913405        131.239        1.31239
    4         1        1.00861      0.0100861        145.154        1.45154
    4         1        1.10367      0.0110367        159.245        1.59245
    4         1        1.20181      0.0120181         173.51         1.7351
    4         1        1.30089      0.0130089        187.949        1.87949
    4         1        1.39604      0.0139604        201.579        2.01579
    4         1        1.49243      0.0149243        215.356        2.15356
    4         1         1.5897       0.015897        229.276        2.29276
    4         1        1.68757      0.0168757        243.341        2.43341
    4         1        1.78756      0.0178756        257.542        2.57542
    4         1        1.88665      0.0188665        271.887        2.71887
    4         1        1.98033      0.0198033        285.325        2.85325
    4         2       0.021394     0.00021394        5.15171      0.0515171
    4         2       0.113954     0.00113954        18.3208       0.183208
    4         2       0.216072     0.00216072        31.2932       0.312932
    4         2       0.326643     0.00326643        44.7385       0.447385
    4         2        0.42917      0.0042917        57.4256       0.574256
    4         2       0.532101     0.00532101        70.2189       0.702189
    4         2       0.642084     0.00642084        83.9556       0.839556
    4         2       0.738309     0.00738309        96.2111       0.962111
    4         2       0.840774     0.00840774        109.431        1.09431
    4         2       0.945083     0.00945083         122.81         1.2281
    4         2        1.04286      0.0104286        135.501        1.35501
    4         2        1.14142      0.0114142         148.34         1.4834
    4         2        1.24315      0.0124315         161.33         1.6133
    4         2        1.34683      0.0134683         174.47         1.7447
    4         2        1.45176      0.0145176        187.759        1.87759
    4         2        1.55183      0.0155183        200.301        2.00301
    4         2        1.65961      0.0165961        213.882        2.13882
    4         2        1.76261      0.0176261        226.698        2.26698
    4         2        1.86486      0.0186486         239.64         2.3964
    4         2        1.96789      0.0196789        252.707        2.52707
    4         2        2.07104      0.0207104        265.904        2.65904
    4         3      0.0280486    0.000280486        6.51948      0.0651948
    4         3       0.109914     0.00109914        18.3461       0.183461
    4         3       0.202544     0.00202544        30.4605       0.304605
    4         3       0.293823     0.00293823        42.3247       0.423247
    4         3       0.391566     0.00391566        54.9566       0.549566
    4         3       0.484172     0.00484172        66.8379       0.668379
    4         3       0.575886     0.00575886        78.7867       0.787867
    4         3       0.668148     0.00668148        90.8218       0.908218
    4         3       0.759419     0.00759419        102.959        1.02959
    4         3       0.845731     0.00845731        114.391        1.14391
    4         3       0.937489     0.00937489        126.761        1.26761
    4         3        1.02492      0.0102492        138.423        1.38423
    4         3        1.11183      0.0111183        150.206        1.50206
    4         3        1.20828      0.0120828        162.968        1.62968
    4         3        1.29192      0.0129192        174.146        1.74146
    4         3        1.38506      0.0138506        186.304        1.86304
    4         3        1.47911      0.0147911        198.594        1.98594
    4         3        1.56679      0.0156679        210.119        2.10119
    4         3        1.66266      0.0166266        222.657        2.22657
    4         3         1.7533       0.017533        234.415        2.34415
    4         3        1.84309      0.0184309         246.28         2.4628
    5         0      0.0291354    0.000291354        6.94027      0.0694027
    5         0       0.127794     0.00127794        20.5372       0.205372
    5         0       0.237816     0.00237816        34.6472       0.346472
    5         0       0.348914     0.00348914        48.8082       0.488082
    5         0       0.452361     0.00452361        62.2623       0.622623
    5         0       0.562968     0.00562968        76.8038       0.768038
    5         0       0.666561     0.00666561         90.611        0.90611
    5         0       0.770147     0.00770147        104.587        1.04587
    5         0       0.874021     0.00874021        118.733        1.18733
    5         0       0.970973     0.00970973        132.096        1.32096
    5         0        1.07664      0.0107664        146.583        1.46583
    5         0        1.17606      0.0117606        160.267        1.60267
    5         0        1.27871      0.0127871        174.108        1.74108
    5         0        1.38269      0.0138269        188.105        1.88105
    5         0        1.48814      0.0148814        202.257        2.02257
    5         0        1.59588      0.0159588        216.566        2.16566
    5         0        1.69717      0.0169717        229.989        2.29989
    5         0        1.80624      0.0180624        244.594        2.44594
    5         0        1.90842      0.0190842        258.287        2.58287
    5         0        2.01179      0.0201179        272.108        2.72108
    5         0         2.1144       0.021144        286.056        2.86056
    5         1      0.0175063    0.000175063        3.98696      0.0398696
    5         1        0.13455      0.0013455        18.8604       0.188604
    5         1       0.256227     0.00256227        32.3277       0.323277
    5         1       0.386957     0.00386957        46.6572       0.466572
    5         1       0.509039     0.00509039         60.351        0.60351
    5         1       0.631691     0.00631691        74.2378       0.742378
    5         1       0.754123     0.00754123        88.3089       0.883089
    5         1       0.876193     0.00876193        102.562        1.02562
    5         1       0.992229     0.00992229        116.094        1.16094
    5         1        1.11661      0.0111661        130.711        1.30711
    5         1        1.23709      0.0123709        144.591        1.44591
    5         1        1.36001      0.0136001        158.645        1.58645
    5         1        1.48513      0.0148513        172.873        1.72873
    5         1        1.60393      0.0160393        186.314        1.86314
    5         1        1.73327      0.0173327        200.882        2.00882
    5         1        1.85478      0.0185478        214.637        2.14637
    5         1        1.97659      0.0197659        228.542        2.28542
    5         1        2.09849      0.0209849        242.599        2.42599
    5         1        2.22066      0.0222066        256.804        2.56804
    5         1        2.33493      0.0233493        270.124        2.70124
    5         1         2.4585       0.024585        284.615        2.84615
    5         2      0.0366612    0.000366612        6.83226      0.0683226
    5         2        0.14568      0.0014568        19.5742       0.195742
    5         2       0.258691     0.00258691        32.2539       0.322539
    5         2       0.386313     0.00386313        45.8884       0.458884
    5         2       0.507511     0.00507511        58.5289       0.585289
    5         2       0.634954     0.00634954        71.9137       0.719137
    5         2       0.755205     0.00755205        84.6822       0.846822
    5         2       0.875621     0.00875621        97.6373       0.976373
    5         2        0.99764      0.0099764        110.812        1.10812
    5         2        1.11301      0.0111301        123.427        1.23427
    5         2        1.23105      0.0123105        136.259        1.36259
    5         2         1.3526       0.013526        149.308        1.49308
    5         2         1.4771       0.014771        162.577        1.62577
    5         2         1.5953       0.015953        175.211        1.75211
    5         2        1.72283      0.0172283        188.899        1.88899
    5         2        1.84314      0.0184314        201.923        2.01923
    5         2        1.95656      0.0195656        214.248        2.14248
    5         2        2.07846      0.0207846        227.628        2.27628
    5         2        2.19283      0.0219283        240.275        2.40275
    5         2        2.31581      0.0231581        253.993        2.53993
    5         3      0.0347008    0.000347008        5.55816      0.0555816
    5         3       0.176091     0.00176091        17.8541       0.178541
    5         3       0.325747     0.00325747        29.8535       0.298535
    5         3       0.476724     0.00476724         41.633        0.41633
    5         3       0.626176     0.00626176        53.2851       0.532851
    5         3        0.78654      0.0078654        65.6349       0.656349
    5         3       0.946331     0.00946331        77.9582       0.779582
    5         3        1.09818      0.0109818        89.5287       0.895287
    5         3         1.2651       0.012651        101.924        1.01924
    5         3        1.42714      0.0142714        113.619        1.13619
    5         3         1.5927       0.015927        125.404        1.25404
    5         3        1.76084      0.0176084        137.293        1.37293
    5         3        1.93085      0.0193085        149.295        1.49295
    5         3        2.10174      0.0210174         161.42         1.6142
    5         3        2.27331      0.0227331        173.671        1.73671
    5         3        2.43374      0.0243374        185.227        1.85227
    5         3        2.60554      0.0260554        197.736        1.97736
    5         3        2.76624      0.0276624        209.536        2.09536
    5         3        2.92671      0.0292671        221.458        2.21458
    5         3          3.087        0.03087        233.495        2.33495
    5         3        3.24761      0.0324761        245.656        2.45656
    6         0      0.0241271    0.000241271         6.8856       0.068856
    6         0        0.10252      0.0010252        18.9989       0.189989
    6         0       0.183985     0.00183985        30.5105       0.305105
    6         0        0.27177      0.0027177        42.5367       0.425367
    6         0       0.359963     0.00359963        54.4868       0.544868
    6         0       0.447616     0.00447616        66.4418       0.664418
    6         0       0.535952     0.00535952        78.4475       0.784475
    6         0       0.622962     0.00622962        90.5369       0.905369
    6         0       0.711388     0.00711388        102.734        1.02734
    6         0       0.792774     0.00792774         114.23         1.1423
    6         0       0.881036     0.00881036        126.681        1.26681
    6         0       0.963262     0.00963262        138.435        1.38435
    6         0        1.04638      0.0104638        150.324        1.50324
    6         0         1.1307       0.011307        162.353        1.62353
    6         0        1.21566      0.0121566        174.522        1.74522
    6         0        1.30263      0.0130263        186.837        1.86837
    6         0        1.38496      0.0138496        198.401        1.98401
    6         0        1.47414      0.0147414        210.994        2.10994
    6         0        1.55885      0.0155885         222.82         2.2282
    6         0         1.6439       0.016439        234.766        2.34766
    6         0        1.72986      0.0172986        246.838        2.46838
    6         0        1.80886      0.0180886         258.09         2.5809
    6         1      0.0305649    0.000305649        7.17891      0.0717891
    6         1       0.127678     0.00127678        20.4182       0.204182
    6         1       0.228315     0.00228315        33.6495       0.336495
    6         1       0.329345     0.00329345        46.9167       0.469167
    6         1       0.424765     0.00424765        59.4672       0.594672
    6         1        0.52576      0.0052576        72.8804       0.728804
    6         1       0.620949     0.00620949        85.5953       0.855953
    6         1       0.716116     0.00716116        98.4161       0.984161
    6         1       0.811172     0.00811172        111.357        1.11357
    6         1       0.906673     0.00906673        124.433        1.24433
    6         1        1.00269      0.0100269        137.653        1.37653
    6         1        1.09384      0.0109384        150.187        1.50187
    6         1        1.19247      0.0119247        163.708        1.63708
    6         1        1.28615      0.0128615        176.532        1.76532
    6         1        1.38305      0.0138305        189.499        1.89499
    6         1        1.48076      0.0148076        202.614        2.02614
    6         1        1.57938      0.0157938        215.875        2.15875
    6         1        1.67342      0.0167342        228.385        2.28385
    6         1        1.77421      0.0177421        241.925        2.41925
    6         1         1.8685       0.018685        254.697        2.54697
    6         2       0.030682     0.00030682        6.96044      0.0696044
    6         2            0.1          0.001        17.6456       0.176456
    6         2       0.178828     0.00178828        28.9937       0.289937
    6         2       0.256817     0.00256817        39.7393       0.397393
    6         2        0.33989      0.0033989        50.7379       0.507379
    6         2        0.42237      0.0042237        61.6796       0.616796
    6         2       0.505063     0.00505063        72.6831       0.726831
    6         2       0.588017     0.00588017        83.8202       0.838202
    6         2       0.666526     0.00666526        94.6191       0.946191
    6         2       0.745436     0.00745436        105.607        1.05607
    6         2        0.82467      0.0082467        116.807        1.16807
    6         2       0.899001     0.00899001         127.68         1.2768
    6         2       0.975253     0.00975253        138.764        1.38764
    6         2        1.04798      0.0104798        149.494        1.49494
    6         2        1.12048      0.0112048        160.422        1.60422
    6         2        1.19488      0.0119488        171.553        1.71553
    6         2        1.27071      0.0127071        182.886        1.82886
    6         2        1.34246      0.0134246        193.808        1.93808
    6         2        1.41645      0.0141645        204.912        2.04912
    6         2        1.48579      0.0148579        215.566        2.15566
    6         2        1.55692      0.0155692        226.381        2.26381
    6         3      0.0251114    0.000251114         6.5051       0.065051
    6         3       0.102122     0.00102122        18.6668       0.186668
    6         3       0.189379     0.00189379        30.8197       0.308197
    6         3       0.275231     0.00275231        42.7952       0.427952
    6         3       0.362692     0.00362692         54.831        0.54831
    6         3       0.448868     0.00448868        66.9506       0.669506
    6         3       0.530261     0.00530261        78.3424       0.783424
    6         3       0.616867     0.00616867        90.6375       0.906375
    6         3       0.697786     0.00697786        102.202        1.02202
    6         3       0.785044     0.00785044        114.694        1.14694
    6         3       0.865214     0.00865214        126.455        1.26455
    6         3       0.947276     0.00947276        138.317        1.38317
    6         3        1.02877      0.0102877        150.284        1.50284
    6         3        1.11148      0.0111148        162.359        1.62359
    6         3        1.19573      0.0119573        174.546        1.74546
    6         3        1.28106      0.0128106        186.843        1.86843
    6         3        1.36252      0.0136252        198.363        1.98363
    6         3        1.45011      0.0145011        210.876        2.10876
    6         3        1.53343      0.0153343        222.597        2.22597
    6         3        1.61692      0.0161692        234.415        2.34415
    6         3        1.70131      0.0170131        246.325        2.46325
    7         0      0.0201582    0.000201582        6.03207      0.0603207
    7         0      0.0977078    0.000977078        17.6977       0.176977
    7         0       0.173927     0.00173927        28.2672       0.282672
    7         0       0.254877     0.00254877        39.3175       0.393175
    7         0       0.343327     0.00343327        50.9939       0.509939
    7         0       0.425106     0.00425106         61.835        0.61835
    7         0       0.507253     0.00507253        72.6737       0.726737
    7         0        0.58942      0.0058942        83.5432       0.835432
    7         0       0.670791     0.00670791        94.4657       0.944657
    7         0       0.753389     0.00753389        105.456        1.05456
    7         0       0.834516     0.00834516        116.528        1.16528
    7         0       0.917309     0.00917309        127.691        1.27691
    7         0        1.00012      0.0100012        138.949        1.38949
    7         0        1.07719      0.0107719        149.496        1.49496
    7         0        1.16228      0.0116228        160.953        1.60953
    7         0        1.24149      0.0124149        171.691        1.71691
    7         0        1.32334      0.0132334        182.519        1.82519
    7         0        1.40509      0.0140509        193.448        1.93448
    7         0        1.48934      0.0148934        204.472        2.04472
    7         0        1.57323      0.0157323         215.59         2.1559
    7         0        1.65902      0.0165902        226.802        2.26802
    7         1      0.0286338    0.000286338        6.35812      0.0635812
    7         1       0.105788     0.00105788        17.6884       0.176884
    7         1       0.192386     0.00192386        28.8363       0.288363
    7         1       0.278056     0.00278056        39.6245       0.396245
    7         1        0.36508      0.0036508        50.4038       0.504038
    7         1       0.456651     0.00456651        61.9805       0.619805
    7         1       0.543707     0.00543707        72.9321       0.729321
    7         1        0.62969      0.0062969        83.9902       0.839902
    7         1       0.710733     0.00710733        94.4128       0.944128
    7         1       0.797459     0.00797459        105.695        1.05695
    7         1       0.877631     0.00877631        116.338        1.16338
    7         1       0.965007     0.00965007        127.864        1.27864
    7         1        1.04692      0.0104692        138.738        1.38738
    7         1         1.1292       0.011292        149.727        1.49727
    7         1        1.21346      0.0121346        160.835        1.60835
    7         1        1.29253      0.0129253        171.252        1.71252
    7         1        1.37987      0.0137987        182.588        1.82588
    7         1         1.4612       0.014612        193.217        1.93217
    7         1        1.55028      0.0155028        204.779        2.04779
    7         1        1.63414      0.0163414        215.619        2.15619
    7         1        1.71786      0.0171786        226.562        2.26562
    7         2       0.030677     0.00030677        6.81076      0.0681076
    7         2      0.0977953    0.000977953        16.8985       0.168985
    7         2       0.169052     0.00169052         26.516        0.26516
    7         2       0.250207     0.00250207        36.9973       0.369973
    7         2       0.325783     0.00325783        46.6988       0.466988
    7         2       0.407202     0.00407202         56.937        0.56937
    7         2       0.483655     0.00483655        66.5595       0.665595
    7         2       0.564155     0.00564155        76.8076       0.768076
    7         2       0.640728     0.00640728        86.5002       0.865002
    7         2       0.721374     0.00721374        96.8684       0.968684
    7         2       0.797769     0.00797769        106.706        1.06706
    7         2       0.874377     0.00874377        116.631        1.16631
    7         2       0.950296     0.00950296        126.652        1.26652
    7         2        1.02769      0.0102769        136.775        1.36775
    7         2        1.10051      0.0110051         146.36         1.4636
    7         2        1.17931      0.0117931        156.692        1.56692
    7         2        1.25514      0.0125514        166.476        1.66476
    7         2        1.33082      0.0133082        176.359        1.76359
    7         2        1.40864      0.0140864        186.345        1.86345
    7         2        1.48729      0.0148729        196.431        1.96431
    7         2        1.56601      0.0156601        206.621        2.06621
    7         3      0.0238509    0.000238509        6.80174      0.0680174
    7         3       0.103994     0.00103994        17.8275       0.178275
    7         3       0.188047     0.00188047        28.9145       0.289145
    7         3       0.272799     0.00272799        39.8579       0.398579
    7         3       0.357649     0.00357649        50.7796       0.507796
    7         3       0.441978     0.00441978        61.7277       0.617277
    7         3       0.526399     0.00526399        72.7256       0.727256
    7         3       0.611095     0.00611095        83.7882       0.837882
    7         3       0.696075     0.00696075         94.925        0.94925
    7         3       0.774312     0.00774312        105.339        1.05339
    7         3       0.859455     0.00859455        116.636        1.16636
    7         3       0.937738     0.00937738        127.205        1.27205
    7         3        1.02408      0.0102408        138.675        1.38675
    7         3         1.1034       0.011034         149.41         1.4941
    7         3        1.18546      0.0118546        160.225        1.60225
    7         3         1.2743       0.012743        171.967        1.71967
    7         3         1.3595       0.013595        182.952        1.82952
    7         3        1.43789      0.0143789        193.169        1.93169
    7         3        1.52509      0.0152509        204.312        2.04312
    7         3        1.61225      0.0161225        215.537        2.15537
    7         3        1.70064      0.0170064        226.846        2.26846
    8         0      0.0396538    0.000396538        6.96909      0.0696909
    8         0      0.0989101    0.000989101        16.8893       0.168893
    8         0       0.163105     0.00163105        26.5055       0.265055
    8         0       0.233529     0.00233529        36.4476       0.364476
    8         0       0.310864     0.00310864        46.9183       0.469183
    8         0       0.382539     0.00382539        56.6377       0.566377
    8         0       0.454355     0.00454355        66.3671       0.663671
    8         0       0.531807     0.00531807        76.8443       0.768443
    8         0       0.604026     0.00604026        86.7001       0.867001
    8         0       0.676365     0.00676365        96.6488       0.966488
    8         0       0.747829     0.00747829        106.704        1.06704
    8         0       0.820002     0.00820002        116.875        1.16875
    8         0       0.887381     0.00887381         126.43         1.2643
    8         0       0.960409     0.00960409        136.843        1.36843
    8         0        1.02882      0.0102882        146.632        1.46632
    8         0        1.09684      0.0109684        156.534        1.56534
    8         0        1.16688      0.0116688        166.557        1.66557
    8         0        1.23789      0.0123789        176.694        1.76694
    8         0         1.3096       0.013096        186.953        1.86953
    8         0        1.37675      0.0137675        196.527        1.96527
    8         0        1.44537      0.0144537        206.203        2.06203
    8         1      0.0259769    0.000259769        5.31042      0.0531042
    8         1      0.0887527    0.000887527        15.4683       0.154683
    8         1        0.15676      0.0015676        25.3146       0.253146
    8         1       0.235229     0.00235229        35.8246       0.358246
    8         1       0.313697     0.00313697        45.8728       0.458728
    8         1       0.392249     0.00392249        55.7342       0.557342
    8         1       0.470214     0.00470214        65.5609       0.655609
    8         1       0.548539     0.00548539        75.4365       0.754365
    8         1       0.627043     0.00627043        85.4082       0.854082
    8         1        0.70559      0.0070559        95.5031       0.955031
    8         1        0.78427      0.0078427        105.737        1.05737
    8         1        0.85675      0.0085675        115.423        1.15423
    8         1       0.935998     0.00935998        125.948        1.25948
    8         1        1.01034      0.0101034        135.913        1.35913
    8         1        1.08009      0.0108009         145.29         1.4529
    8         1        1.15528      0.0115528         155.52         1.5552
    8         1        1.23265      0.0123265        165.888        1.65888
    8         1        1.30581      0.0130581         175.64         1.7564
    8         1        1.37892      0.0137892        185.509        1.85509
    8         1        1.45395      0.0145395        195.496        1.95496
    8         2      0.0282881    0.000282881        5.18695      0.0518695
    8         2      0.0781119    0.000781119         13.504        0.13504
    8         2       0.132465     0.00132465        21.4036       0.214036
    8         2       0.192551     0.00192551        29.6549       0.296549
    8         2       0.252686     0.00252686        37.7892       0.377892
    8         2       0.312755     0.00312755        45.8532       0.458532
    8         2        0.37245      0.0037245        53.8666       0.538666
    8         2       0.432929     0.00432929        61.8439       0.618439
    8         2       0.493563     0.00493563         69.798        0.69798
    8         2       0.553055     0.00553055        77.7403       0.777403
    8         2       0.613858     0.00613858         85.682        0.85682
    8         2       0.674262     0.00674262        93.6314       0.936314
    8         2       0.734968     0.00734968        101.597        1.01597
    8         2       0.794588     0.00794588        109.585        1.09585
    8         2       0.855327     0.00855327        117.601        1.17601
    8         2       0.916303     0.00916303         125.65         1.2565
    8         2       0.977694     0.00977694        133.737        1.33737
    8         2        1.03839      0.0103839        141.865        1.41865
    8         2        1.09605      0.0109605        149.405        1.49405
    8         2        1.15934      0.0115934         157.62         1.5762
    8         2        1.22213      0.0122213        165.882        1.65882
    8         2        1.28193      0.0128193        173.551        1.73551
    8         3      0.0377899    0.000377899         7.9695       0.079695
    8         3      0.0932904    0.000932904        16.5583       0.165583
    8         3       0.156676     0.00156676        25.7775       0.257775
    8         3       0.221209     0.00221209        34.7773       0.347773
    8         3       0.285395     0.00285395        43.6693       0.436693
    8         3         0.3504       0.003504        52.5034       0.525034
    8         3       0.418962     0.00418962        61.8587       0.618587
    8         3        0.48333      0.0048333        70.6551       0.706551
    8         3       0.548551     0.00548551        79.4553       0.794553
    8         3       0.616864     0.00616864        88.8234       0.888234
    8         3       0.681349     0.00681349        97.6631       0.976631
    8         3       0.746172     0.00746172        106.532        1.06532
    8         3        0.81421      0.0081421        115.993        1.15993
    8         3       0.879402     0.00879402        124.936        1.24936
    8         3       0.944574     0.00944574        133.921        1.33921
    8         3        1.00927      0.0100927         142.95         1.4295
    8         3        1.07159      0.0107159        151.456        1.51456
    8         3        1.13796      0.0113796        160.576        1.60576
    8         3        1.20547      0.0120547        169.744        1.69744
    8         3        1.27439      0.0127439        178.962        1.78962
    8         3        1.33872      0.0133872        187.649        1.87649
    9         0      0.0131717    0.000131717        6.21038      0.0621038
    9         0      0.0844103    0.000844103        16.8182       0.168182
    9         0       0.155674     0.00155674        26.4152       0.264152
    9         0       0.228871     0.00228871        36.9863       0.369863
    9         0       0.299033     0.00299033        46.8078       0.468078
    9         0       0.368979     0.00368979        56.5736       0.565736
    9         0       0.442308     0.00442308        66.9297       0.669297
    9         0       0.512422     0.00512422        76.6808       0.766808
    9         0        0.58239      0.0058239        86.4505       0.864505
    9         0       0.656834     0.00656834        96.8654       0.968654
    9         0       0.726025     0.00726025        106.708        1.06708
    9         0       0.796182     0.00796182        116.596        1.16596
    9         0       0.866333     0.00866333        126.535        1.26535
    9         0       0.937081     0.00937081         136.53         1.3653
    9         0        1.00772      0.0100772        146.582        1.46582
    9         0        1.07874      0.0107874        156.694        1.56694
    9         0        1.15148      0.0115148         166.87         1.6687
    9         0         1.2206       0.012206        176.466        1.76466
    9         0        1.29496      0.0129496        186.765        1.86765
    9         0        1.36594      0.0136594        196.482        1.96482
    9         1      0.0311942    0.000311942        7.10135      0.0710135
    9         1       0.093622     0.00093622        17.2738       0.172738
    9         1       0.161287     0.00161287        27.4311       0.274311
    9         1       0.229241     0.00229241        37.3709       0.373709
    9         1       0.303706     0.00303706        47.9874       0.479874
    9         1       0.371727     0.00371727        57.8183       0.578183
    9         1       0.440614     0.00440614        67.6498       0.676498
    9         1       0.509577     0.00509577        77.4971       0.774971
    9         1       0.578752     0.00578752        87.3705       0.873705
    9         1       0.646638     0.00646638        97.2774       0.972774
    9         1       0.721026     0.00721026         107.99         1.0799
    9         1       0.790062     0.00790062        117.981        1.17981
    9         1       0.853813     0.00853813        127.246        1.27246
    9         1       0.922701     0.00922701        137.329        1.37329
    9         1       0.992368     0.00992368        147.464        1.47464
    9         1         1.0628       0.010628         157.65         1.5765
    9         1        1.13419      0.0113419         167.89         1.6789
    9         1        1.20005      0.0120005        177.391        1.77391
    9         1        1.27363      0.0127363        187.738        1.87738
    9         1        1.34262      0.0134262        197.335        1.97335
    9         1        1.41723      0.0141723        207.792        2.07792
    9         1        1.48796      0.0148796         217.49         2.1749
    9         2      0.0260341    0.000260341        7.26536      0.0726536
    9         2       0.096115     0.00096115        17.3994       0.173994
    9         2       0.171346     0.00171346        27.4986       0.274986
    9         2       0.243483     0.00243483        37.4262       0.374262
    9         2       0.316511     0.00316511        47.3135       0.473135
    9         2       0.394872     0.00394872         57.918        0.57918
    9         2       0.467485     0.00467485        67.8498       0.678498
    9         2         0.5403       0.005403        77.8285       0.778285
    9         2       0.613491     0.00613491        87.8627       0.878627
    9         2       0.686774     0.00686774        97.9568       0.979568
    9         2       0.754492     0.00754492        107.389        1.07389
    9         2       0.827181     0.00827181        117.611        1.17611
    9         2       0.900949     0.00900949        127.901        1.27901
    9         2       0.969507     0.00969507        137.522        1.37522
    9         2        1.04395      0.0104395        147.953        1.47953
    9         2        1.11313      0.0111313        157.702        1.57702
    9         2        1.18429      0.0118429        167.514        1.67514
    9         2         1.2565       0.012565        177.394        1.77394
    9         2        1.32865      0.0132865        187.333        1.87333
    9         2        1.40312      0.0140312        197.335        1.97335
    9         2        1.47852      0.0147852        207.403        2.07403
    9         2        1.55379      0.0155379        217.531        2.17531
    9         3       0.030139     0.00030139          6.356        0.06356
    9         3        0.08368      0.0008368        14.5453       0.145453
    9         3       0.142088     0.00142088        22.5443       0.225443
    9         3       0.205247     0.00205247        30.8891       0.308891
    9         3       0.264412     0.00264412        38.4559       0.384559
    9         3       0.327142     0.00327142        46.5756       0.465756
    9         3       0.391142     0.00391142        54.6532       0.546532
    9         3       0.454754     0.00454754        62.7119       0.627119
    9         3       0.517678     0.00517678        70.7669       0.707669
    9         3       0.581724     0.00581724        78.8297       0.788297
    9         3       0.645584     0.00645584        86.9083       0.869083
    9         3       0.703507     0.00703507        94.3853       0.943853
    9         3       0.767501     0.00767501        102.511        1.02511
    9         3       0.831402     0.00831402        110.666        1.10666
    9         3       0.894391     0.00894391        118.857        1.18857
    9         3       0.953985     0.00953985        126.449        1.26449
    9         3        1.01897      0.0101897        134.712        1.34712
    9         3        1.07821      0.0107821        142.376        1.42376
    9         3        1.14446      0.0114446        150.717        1.50717
    9         3         1.2056       0.012056        158.456        1.58456
    9         3        1.27315      0.0127315        166.882        1.66882
    9         3        1.33677      0.0133677        174.699        1.74699
    9         3        1.40051      0.0140051        182.554        1.82554
   10         0      0.0276416    0.000276416        4.20331      0.0420331
   10         0      0.0855846    0.000855846        13.5778       0.135778
   10         0       0.148356     0.00148356        22.5327       0.225327
   10         0       0.216403     0.00216403        31.8951       0.318951
   10         0       0.280483     0.00280483        40.4536       0.404536
   10         0       0.349097     0.00349097        49.5622       0.495622
   10         0       0.417753     0.00417753         58.587        0.58587
   10         0       0.486571     0.00486571         67.554        0.67554
   10         0       0.555233     0.00555233         76.486        0.76486
   10         0       0.623407     0.00623407         85.403        0.85403
   10         0       0.697182     0.00697182        94.9585       0.949585
   10         0       0.766172     0.00766172        103.892        1.03892
   10         0       0.834836     0.00834836        112.853        1.12853
   10         0       0.904096     0.00904096         121.85         1.2185
   10         0       0.973466     0.00973466        130.888        1.30888
   10         0        1.04301      0.0104301        139.976        1.39976
   10         0         1.1084       0.011084        148.462        1.48462
   10         0        1.18015      0.0118015        157.657        1.57657
   10         0        1.25309      0.0125309        166.913        1.66913
   10         0        1.32183      0.0132183        175.564        1.75564
   10         0        1.39603      0.0139603        184.944        1.84944
   10         0        1.46672      0.0146672        193.717        1.93717
   10         1      0.0287689    0.000287689        5.32909      0.0532909
   10         1      0.0912813    0.000912813        14.6094       0.146094
   10         1        0.15786      0.0015786         23.566        0.23566
   10         1       0.231201     0.00231201        32.8432       0.328432
   10         1       0.304447     0.00304447        41.9991       0.419991
   10         1       0.372146     0.00372146        50.5296       0.505296
   10         1       0.445652     0.00445652        59.6021       0.596021
   10         1       0.519077     0.00519077        68.6652       0.686652
   10         1       0.591362     0.00591362        77.7326       0.777326
   10         1       0.664872     0.00664872        86.8127       0.868127
   10         1       0.738199     0.00738199         95.912        0.95912
   10         1       0.806711     0.00806711        104.465        1.04465
   10         1       0.879913     0.00879913        113.615        1.13615
   10         1       0.953902     0.00953902        122.799        1.22799
   10         1        1.02394      0.0102394         131.44         1.3144
   10         1        1.09821      0.0109821        140.693        1.40693
   10         1        1.17482      0.0117482        149.986        1.49986
   10         1        1.24725      0.0124725        158.736        1.58736
   10         1         1.3208       0.013208         167.52         1.6752
   10         1        1.40111      0.0140111        176.932        1.76932
   10         1        1.47615      0.0147615        185.796        1.85796
   10         2      0.0153288    0.000153288        4.69592      0.0469592
   10         2      0.0868851    0.000868851        13.5244       0.135244
   10         2       0.163148     0.00163148         22.581        0.22581
   10         2       0.236052     0.00236052        31.9532       0.319532
   10         2       0.304412     0.00304412        40.4191       0.404191
   10         2       0.378112     0.00378112         49.377        0.49377
   10         2       0.456916     0.00456916         58.871        0.58871
   10         2       0.530048     0.00530048        67.6891       0.676891
   10         2       0.603989     0.00603989        76.5044       0.765044
   10         2       0.683072     0.00683072        85.9752       0.859752
   10         2       0.756517     0.00756517        94.8606       0.948606
   10         2       0.829703     0.00829703        103.805        1.03805
   10         2       0.903916     0.00903916        112.821        1.12821
   10         2       0.978519     0.00978519        121.916        1.21916
   10         2        1.04797      0.0104797        130.439        1.30439
   10         2        1.12359      0.0112359        139.705        1.39705
   10         2        1.19521      0.0119521        148.395        1.48395
   10         2        1.27394      0.0127394         157.85         1.5785
   10         2        1.34701      0.0134701         166.72         1.6672
   10         2        1.42222      0.0142222        175.675        1.75675
   10         2         1.4979       0.014979        184.724        1.84724
   10         3      0.0391956    0.000391956        6.54487      0.0654487
   10         3      0.0892411    0.000892411        14.3296       0.143296
   10         3       0.143836     0.00143836        22.4245       0.224245
   10         3       0.204296     0.00204296        30.9019       0.309019
   10         3       0.260341     0.00260341        38.5439       0.385439
   10         3       0.320541     0.00320541        46.6855       0.466855
   10         3       0.381779     0.00381779         54.728        0.54728
   10         3       0.442814     0.00442814        62.7042       0.627042
   10         3       0.503104     0.00503104         70.638        0.70638
   10         3       0.564258     0.00564258        78.5472       0.785472
   10         3       0.625256     0.00625256        86.4461       0.864461
   10         3        0.69116      0.0069116        94.9552       0.949552
   10         3       0.751293     0.00751293        102.868        1.02868
   10         3       0.812542     0.00812542        110.798        1.10798
   10         3       0.873759     0.00873759        118.753        1.18753
   10         3        0.93534      0.0093534        126.736        1.26736
   10         3       0.996111     0.00996111        134.754        1.34754
   10         3        1.05843      0.0105843        142.806        1.42806
   10         3        1.12136      0.0112136        150.898        1.50898
   10         3        1.17917      0.0117917        158.406        1.58406
   10         3         1.2435       0.012435        166.581        1.66581
   11         0      0.0354711    0.000354711        6.30954      0.0630954
   11         0      0.0920639    0.000920639        15.6503       0.156503
   11         0        0.15301      0.0015301        24.8755       0.248755
   11         0       0.214059     0.00214059        33.7691       0.337691
   11         0       0.277522     0.00277522        42.5039       0.425039
   11         0          0.345        0.00345        51.7881       0.517881
   11         0       0.407745     0.00407745        60.4426       0.604426
   11         0       0.474701     0.00474701        69.7474       0.697474
   11         0       0.537934     0.00537934        78.4887       0.784887
   11         0       0.605598     0.00605598         87.938        0.87938
   11         0       0.668536     0.00668536        96.8502       0.968502
   11         0       0.730831     0.00730831        105.861        1.05861
   11         0       0.793932     0.00793932        114.978        1.14978
   11         0       0.852388     0.00852388        123.546        1.23546
   11         0       0.915937     0.00915937        132.885        1.32885
   11         0       0.974103     0.00974103        141.665        1.41665
   11         0         1.0334       0.010334        150.548        1.50548
   11         0         1.0934       0.010934        159.539        1.59539
   11         0         1.1541       0.011541        168.636        1.68636
   11         0        1.21458      0.0121458        177.839        1.77839
   11         0        1.27166      0.0127166        186.432        1.86432
   11         1      0.0402315    0.000402315        6.74228      0.0674228
   11         1      0.0976295    0.000976295        15.5554       0.155554
   11         1       0.158808     0.00158808        24.6422       0.246422
   11         1       0.225217     0.00225217        33.9712       0.339712
   11         1         0.2873       0.002873        42.5177       0.425177
   11         1       0.358104     0.00358104        51.9738       0.519738
   11         1       0.424865     0.00424865        60.8488       0.608488
   11         1       0.491022     0.00491022        69.7429       0.697429
   11         1       0.558091     0.00558091        78.7057       0.787057
   11         1       0.624864     0.00624864        87.7719       0.877719
   11         1       0.691137     0.00691137        96.9608       0.969608
   11         1       0.754263     0.00754263        105.734        1.05734
   11         1       0.816972     0.00816972        114.636        1.14636
   11         1       0.879469     0.00879469         123.67         1.2367
   11         1        0.94307      0.0094307         132.84         1.3284
   11         1        1.00224      0.0100224        141.557        1.41557
   11         1        1.06589      0.0106589        150.988        1.50988
   11         1        1.12695      0.0112695        159.953        1.59953
   11         1        1.18439      0.0118439        168.426        1.68426
   11         1        1.24573      0.0124573        177.615        1.77615
   11         1        1.30931      0.0130931         186.92         1.8692
   11         2      0.0317622    0.000317622         6.8479       0.068479
   11         2      0.0756102    0.000756102        13.5474       0.135474
   11         2       0.127431     0.00127431        20.8615       0.208615
   11         2       0.179413     0.00179413        27.9781       0.279781
   11         2       0.227941     0.00227941        34.4638       0.344638
   11         2       0.284517     0.00284517        41.9743       0.419743
   11         2       0.336363     0.00336363        48.9158       0.489158
   11         2       0.388881     0.00388881        55.8395       0.558395
   11         2       0.441619     0.00441619        62.7542       0.627542
   11         2       0.494521     0.00494521        69.6656       0.696656
   11         2       0.547239     0.00547239        76.5788       0.765788
   11         2       0.599873     0.00599873        83.4973       0.834973
   11         2       0.656632     0.00656632        90.9574       0.909574
   11         2        0.70939      0.0070939         97.896        0.97896
   11         2       0.762079     0.00762079        104.847        1.04847
   11         2       0.814968     0.00814968        111.815        1.11815
   11         2       0.867132     0.00867132        118.798        1.18798
   11         2       0.919938     0.00919938          125.8          1.258
   11         2       0.973225     0.00973225        132.821        1.32821
   11         2        1.02677      0.0102677        139.862        1.39862
   11         2        1.08092      0.0108092        146.922        1.46922
   11         2        1.13136      0.0113136         153.46         1.5346
   11         3      0.0315524    0.000315524        6.94138      0.0694138
   11         3       0.084986     0.00084986         14.906        0.14906
   11         3        0.13842      0.0013842        22.4297       0.224297
   11         3       0.201368     0.00201368        30.9697       0.309697
   11         3       0.261207     0.00261207         38.752        0.38752
   11         3        0.31973      0.0031973        46.4335       0.464335
   11         3       0.383168     0.00383168        54.6232       0.546232
   11         3       0.447197     0.00447197        62.7489       0.627489
   11         3       0.511308     0.00511308        70.8275       0.708275
   11         3       0.574635     0.00574635        78.8733       0.788733
   11         3       0.638357     0.00638357        86.8958       0.868958
   11         3       0.702447     0.00702447        94.9048       0.949048
   11         3       0.766703     0.00766703        102.907        1.02907
   11         3       0.829676     0.00829676        110.908        1.10908
   11         3       0.893968     0.00893968        118.913        1.18913
   11         3       0.958448     0.00958448        126.927        1.26927
   11         3        1.02359      0.0102359        134.953        1.34953
   11         3        1.08821      0.0108821        142.995        1.42995
   11         3         1.1499       0.011499        150.476        1.50476
   11         3        1.21732      0.0121732        158.555        1.58555
   11         3        1.28512      0.0128512        166.653        1.66653
