 *tel    numcsi   CsIInVoltage     errCsIInVoltage           CsIE       errCsIE
    0         0      0.0233877    0.000233877        13.8504       0.138504
    0         0      0.0883465    0.000883465        26.8951       0.268951
    0         0       0.163056     0.00163056        39.8981       0.398981
    0         0       0.253385     0.00253385        53.9842       0.539842
    0         0       0.336068     0.00336068         66.551        0.66551
    0         0       0.426184     0.00426184        79.9386       0.799386
    0         0       0.510228     0.00510228        92.1525       0.921525
    0         0       0.600001     0.00600001        105.256        1.05256
    0         0       0.689722     0.00689722        118.239        1.18239
    0         0       0.781053     0.00781053        131.114        1.31114
    0         0       0.877939     0.00877939         144.87         1.4487
    0         0       0.969126     0.00969126        157.552        1.57552
    0         0        1.06189      0.0106189        170.156        1.70156
    0         0        1.16219      0.0116219        183.652        1.83652
    0         0        1.25712      0.0125712        196.119        1.96119
    0         0        1.36222      0.0136222        209.485        2.09485
    0         0        1.46907      0.0146907        222.796        2.22796
    0         0        1.56961      0.0156961        235.113        2.35113
    0         0         1.6807       0.016807        248.337        2.48337
    0         0        1.79139      0.0179139        261.523        2.61523
    0         0         1.9027       0.019027        274.678        2.74678
    0         0         2.0149       0.020149        287.806        2.87806
    0         1      0.0204121    0.000204121        11.3834       0.113834
    0         1       0.110657     0.00110657        26.9714       0.269714
    0         1       0.209965     0.00209965        43.9882       0.439882
    0         1       0.303476     0.00303476        59.0869       0.590869
    0         1       0.411754     0.00411754        75.8989       0.758989
    0         1       0.512887     0.00512887        91.1401       0.911401
    0         1       0.621866     0.00621866        107.096        1.07096
    0         1        0.73844      0.0073844        123.779        1.23779
    0         1       0.846638     0.00846638        139.168        1.39168
    0         1       0.963735     0.00963735        155.369        1.55369
    0         1        1.08185      0.0108185        171.389        1.71389
    0         1        1.20249      0.0120249        187.265        1.87265
    0         1        1.32681      0.0132681        203.021        2.03021
    0         1         1.4609       0.014609        219.655        2.19655
    0         1         1.5905       0.015905        235.228        2.35228
    0         1        1.73097      0.0173097        251.703        2.51703
    0         1        1.86414      0.0186414        267.153        2.67153
    0         1        2.00543      0.0200543         283.52         2.8352
    0         1        2.14878      0.0214878        299.844        2.99844
    0         1        2.28309      0.0228309        315.176        3.15176
    0         1        2.42691      0.0242691        331.441        3.31441
    0         2      0.0271294    0.000271294        12.3115       0.123115
    0         2       0.116301     0.00116301        27.5603       0.275603
    0         2       0.210145     0.00210145        42.8753       0.428753
    0         2       0.304014     0.00304014        57.5868       0.575868
    0         2       0.405502     0.00405502        72.9435       0.729435
    0         2       0.508125     0.00508125        87.9067       0.879067
    0         2       0.609874     0.00609874        102.553        1.02553
    0         2       0.719494     0.00719494        117.957        1.17957
    0         2       0.820922     0.00820922        132.108        1.32108
    0         2       0.930631     0.00930631        147.068        1.47068
    0         2        1.04902      0.0104902         162.83         1.6283
    0         2         1.1619       0.011619        177.449        1.77449
    0         2        1.28546      0.0128546          192.9          1.929
    0         2        1.40434      0.0140434         207.27         2.0727
    0         2        1.53368      0.0153368         222.49         2.2249
    0         2         1.6658       0.016658        237.613        2.37613
    0         2        1.79832      0.0179832        252.651        2.52651
    0         2        1.93238      0.0193238        267.614        2.67614
    0         2        2.06781      0.0206781        282.509        2.82509
    0         2         2.2025       0.022025        297.346        2.97346
    0         2        2.33911      0.0233911        312.129        3.12129
    0         3      0.0246106    0.000246106        13.2023       0.132023
    0         3       0.109839     0.00109839        27.6633       0.276633
    0         3       0.192549     0.00192549        40.9196       0.409196
    0         3       0.289586     0.00289586         55.978        0.55978
    0         3       0.380617     0.00380617        69.4675       0.694675
    0         3       0.477959     0.00477959        83.7405       0.837405
    0         3        0.57535      0.0057535        97.7305       0.977305
    0         3       0.672753     0.00672753        111.491        1.11491
    0         3        0.77067      0.0077067        125.061        1.25061
    0         3       0.875779     0.00875779        139.498        1.39498
    0         3       0.983005     0.00983005        153.781        1.53781
    0         3        1.09023      0.0109023        167.935        1.67935
    0         3        1.19952      0.0119952         181.98         1.8198
    0         3        1.31265      0.0131265        195.932        1.95932
    0         3        1.42713      0.0142713        209.805        2.09805
    0         3        1.54359      0.0154359        223.609        2.23609
    0         3         1.6619       0.016619        237.354        2.37354
    0         3        1.78197      0.0178197        251.047        2.51047
    0         3        1.91228      0.0191228         265.67         2.6567
    0         3         2.0336       0.020336        279.278        2.79278
    0         3        2.16413      0.0216413         293.82         2.9382
    0         3        2.28704      0.0228704        307.362        3.07362
    1         0   6.95253e-310   4.94066e-324              0   6.95253e-310
    1         0        0.11149      0.0011149        28.7589       0.287589
    1         0       0.217086     0.00217086        45.9266       0.459266
    1         0       0.331794     0.00331794        62.8762       0.628762
    1         0       0.446152     0.00446152        79.2908       0.792908
    1         0       0.569776     0.00569776        96.5552       0.965552
    1         0       0.693217     0.00693217        113.564        1.13564
    1         0       0.815907     0.00815907        130.356        1.30356
    1         0       0.940496     0.00940496        146.955        1.46955
    1         0        1.07368      0.0107368        164.477        1.64477
    1         0        1.21088      0.0121088        181.831        1.81831
    1         0        1.34258      0.0134258        197.972        1.97972
    1         0        1.48764      0.0148764        215.068        2.15068
    1         0         1.6353       0.016353        232.057        2.32057
    1         0        1.78481      0.0178481        248.955        2.48955
    1         0        1.94594      0.0194594        266.823        2.66823
    1         0        2.09749      0.0209749        283.569        2.83569
    1         0        2.25077      0.0225077        300.256        3.00256
    1         0        2.41349      0.0241349        317.931        3.17931
    1         0        2.56743      0.0256743         334.52         3.3452
    1         0        2.72135      0.0272135        351.072        3.51072
    1         1      0.0283392    0.000283392        11.9123       0.119123
    1         1       0.141278     0.00141278         30.453        0.30453
    1         1       0.253558     0.00253558        48.1012       0.481012
    1         1       0.374784     0.00374784        66.5662       0.665662
    1         1       0.495609     0.00495609        84.5215       0.845215
    1         1       0.617017     0.00617017        102.078        1.02078
    1         1       0.747431     0.00747431        120.627        1.20627
    1         1        0.87819      0.0087819        138.874        1.38874
    1         1        1.01032      0.0101032        156.872        1.56872
    1         1         1.1446       0.011446        174.663        1.74663
    1         1         1.2826       0.012826         192.28         1.9228
    1         1         1.4347       0.014347         210.99         2.1099
    1         1        1.57991      0.0157991         228.32         2.2832
    1         1        1.73873      0.0173873        246.767        2.46767
    1         1        1.88878      0.0188878        263.885        2.63885
    1         1        2.05052      0.0205052        282.132        2.82132
    1         1        2.21217      0.0221217        300.295        3.00295
    1         1         2.3761       0.023761         318.38         3.1838
    1         1        2.53943      0.0253943        336.396        3.36396
    1         1        2.70381      0.0270381         354.35         3.5435
    1         1        2.86741      0.0286741        372.246        3.72246
    1         2      0.0267713    0.000267713        13.0043       0.130043
    1         2       0.125052     0.00125052        28.7685       0.287685
    1         2       0.218535     0.00218535        43.7999       0.437999
    1         2       0.313284     0.00313284        58.3349       0.583349
    1         2       0.414973     0.00414973         73.565        0.73565
    1         2       0.516882     0.00516882        88.4475       0.884475
    1         2       0.619742     0.00619742        103.049        1.03049
    1         2       0.728817     0.00728817        118.439        1.18439
    1         2       0.839238     0.00839238         133.61         1.3361
    1         2       0.949357     0.00949357        148.599        1.48599
    1         2        1.06156      0.0106156        163.435        1.63435
    1         2        1.17518      0.0117518         178.14         1.7814
    1         2        1.29921      0.0129921        193.705        1.93705
    1         2        1.41938      0.0141938        208.199        2.08199
    1         2        1.54877      0.0154877         223.57         2.2357
    1         2         1.6806       0.016806         238.86         2.3886
    1         2        1.80669      0.0180669        253.131        2.53131
    1         2        1.94084      0.0194084        268.296        2.68296
    1         2        2.07624      0.0207624        283.406        2.83406
    1         2        2.21274      0.0221274        298.471        2.98471
    1         2        2.35002      0.0235002        313.492        3.13492
    1         3      0.0269819    0.000269819        11.7332       0.117332
    1         3       0.109216     0.00109216        27.0671       0.270671
    1         3       0.195958     0.00195958        41.8692       0.418692
    1         3       0.290004     0.00290004        57.0297       0.570297
    1         3        0.39256      0.0039256        72.7213       0.727213
    1         3       0.494301     0.00494301        87.9467       0.879467
    1         3       0.596055     0.00596055        102.823        1.02823
    1         3       0.697625     0.00697625        117.429        1.17429
    1         3       0.806512     0.00806512        132.841        1.32841
    1         3       0.909528     0.00909528        147.049        1.47049
    1         3        1.01975      0.0101975        162.118        1.62118
    1         3        1.13299      0.0113299        177.058        1.77058
    1         3        1.25487      0.0125487         192.88         1.9288
    1         3        1.37242      0.0137242        207.625        2.07625
    1         3        1.49374      0.0149374        222.301        2.22301
    1         3        1.62409      0.0162409        237.893        2.37893
    1         3        1.74882      0.0174882        252.464        2.52464
    1         3        1.88243      0.0188243        267.964        2.67964
    1         3        2.00819      0.0200819        282.464        2.82464
    1         3        2.14389      0.0214389        297.904        2.97904
    1         3        2.27124      0.0227124        312.358        3.12358
    2         0      0.0297253    0.000297253         12.486        0.12486
    2         0       0.100814     0.00100814        26.4385       0.264385
    2         0       0.185648     0.00185648        40.0647       0.400647
    2         0       0.275767     0.00275767        54.0763       0.540763
    2         0       0.373964     0.00373964        68.8818       0.688818
    2         0       0.465585     0.00465585         82.423        0.82423
    2         0       0.563353     0.00563353        96.7818       0.967818
    2         0        0.66109      0.0066109        110.912        1.10912
    2         0       0.759842     0.00759842        124.827        1.24827
    2         0       0.858616     0.00858616        138.546        1.38546
    2         0       0.957164     0.00957164        152.087        1.52087
    2         0        1.06419      0.0106419        166.422        1.66422
    2         0        1.17336      0.0117336        180.598        1.80598
    2         0        1.28475      0.0128475        194.635        1.94635
    2         0        1.39971      0.0139971        208.551        2.08551
    2         0        1.51581      0.0151581        222.362        2.22362
    2         0        1.64219      0.0164219         236.99         2.3699
    2         0        1.76237      0.0176237         250.62         2.5062
    2         0        1.88328      0.0188328        264.181        2.64181
    2         0        2.01316      0.0201316        278.578        2.78578
    2         0        2.14294      0.0214294        292.913        2.92913
    2         1      0.0228025    0.000228025        10.4571       0.104571
    2         1      0.0867893    0.000867893        24.5617       0.245617
    2         1       0.160026     0.00160026         38.411        0.38411
    2         1       0.245166     0.00245166        52.9908       0.529908
    2         1       0.330403     0.00330403        66.8185       0.668185
    2         1       0.416461     0.00416461        80.2346       0.802346
    2         1       0.508557     0.00508557        94.3085       0.943085
    2         1       0.600607     0.00600607        108.154        1.08154
    2         1        0.69824      0.0069824        122.727        1.22727
    2         1       0.789897     0.00789897        136.243        1.36243
    2         1       0.889499     0.00889499        150.533        1.50533
    2         1       0.988458     0.00988458        164.719        1.64719
    2         1        1.08852      0.0108852        178.818        1.78818
    2         1        1.19094      0.0119094        192.849        1.92849
    2         1        1.29526      0.0129526        206.824        2.06824
    2         1        1.40195      0.0140195        220.756        2.20756
    2         1        1.51065      0.0151065        234.654        2.34654
    2         1        1.62097      0.0162097        248.525        2.48525
    2         1        1.73267      0.0173267        262.379        2.62379
    2         1        1.84542      0.0184542        276.219        2.76219
    2         1        1.96568      0.0196568        290.915        2.90915
    2         2      0.0308442    0.000308442        11.3748       0.113748
    2         2       0.091733     0.00091733        21.9927       0.219927
    2         2       0.157832     0.00157832        33.0405       0.330405
    2         2       0.228882     0.00228882        44.5528       0.445528
    2         2       0.300853     0.00300853         55.629        0.55629
    2         2       0.372235     0.00372235        66.3577       0.663577
    2         2       0.450255     0.00450255        77.6635       0.776635
    2         2       0.527575     0.00527575        88.6995       0.886995
    2         2       0.605914     0.00605914        99.5137       0.995137
    2         2       0.689551     0.00689551        110.954        1.10954
    2         2       0.766665     0.00766665        121.418        1.21418
    2         2       0.851123     0.00851123        132.543        1.32543
    2         2       0.935348     0.00935348        143.542        1.43542
    2         2        1.02036      0.0102036        154.437        1.54437
    2         2        1.10617      0.0110617        165.244        1.65244
    2         2        1.20033      0.0120033        176.738        1.76738
    2         2        1.28936      0.0128936        187.401        1.87401
    2         2        1.38637      0.0138637        198.767        1.98767
    2         2        1.47854      0.0147854         209.33         2.0933
    2         2        1.57874      0.0157874        220.606        2.20606
    2         2         1.6814       0.016814        231.847        2.31847
    2         2        1.77713      0.0177713         242.31         2.4231
    2         3      0.0247611    0.000247611        9.86739      0.0986739
    2         3      0.0940251    0.000940251        24.6477       0.246477
    2         3        0.17166      0.0017166        38.3379       0.383379
    2         3       0.262937     0.00262937        52.7666       0.527666
    2         3       0.353884     0.00353884        66.6654       0.666654
    2         3       0.444458     0.00444458        80.2594       0.802594
    2         3       0.541361     0.00541361        94.4956       0.944956
    2         3       0.639602     0.00639602        108.494        1.08494
    2         3       0.736513     0.00736513        122.282        1.22282
    2         3       0.839601     0.00839601        136.727        1.36727
    2         3       0.943367     0.00943367        150.986        1.50986
    2         3         1.0418       0.010418        164.258        1.64258
    2         3        1.14926      0.0114926        178.223        1.78223
    2         3         1.2644       0.012644        192.876        1.92876
    2         3        1.37573      0.0137573        206.604        2.06604
    2         3        1.48971      0.0148971         220.24         2.2024
    2         3        1.61296      0.0161296        234.592        2.34592
    2         3        1.73746      0.0173746        248.865        2.48865
    2         3        1.85613      0.0185613        262.285        2.62285
    2         3        1.98182      0.0198182        276.436        2.76436
    2         3        2.10801      0.0210801        290.538        2.90538
    3         0      0.0262482    0.000262482        12.2057       0.122057
    3         0      0.0799877    0.000799877        23.6208       0.236208
    3         0        0.14457      0.0014457        34.9178       0.349178
    3         0       0.208791     0.00208791        45.1137       0.451137
    3         0       0.284086     0.00284086        56.5696       0.565696
    3         0       0.360458     0.00360458        67.6883       0.676883
    3         0       0.436435     0.00436435        78.5852       0.785852
    3         0       0.512839     0.00512839        89.3083       0.893083
    3         0       0.595033     0.00595033         100.69         1.0069
    3         0       0.676475     0.00676475        111.921        1.11921
    3         0       0.753104     0.00753104        122.229        1.22229
    3         0       0.841103     0.00841103        133.993        1.33993
    3         0       0.923356     0.00923356        144.863        1.44863
    3         0        1.00668      0.0100668        155.638        1.55638
    3         0        1.09089      0.0109089        166.328        1.66328
    3         0        1.18208      0.0118208        177.698        1.77698
    3         0          1.275        0.01275        188.992        1.88992
    3         0         1.3647       0.013647        199.473        1.99473
    3         0        1.46104      0.0146104        210.645        2.10645
    3         0        1.55873      0.0155873        221.764        2.21764
    3         0        1.65769      0.0165769        232.838        2.32838
    3         0        1.75799      0.0175799         243.87         2.4387
    3         1      0.0388295    0.000388295        14.9511       0.149511
    3         1      0.0894937    0.000894937        24.2898       0.242898
    3         1       0.146848     0.00146848        34.7896       0.347896
    3         1       0.205663     0.00205663         44.692        0.44692
    3         1        0.26878      0.0026878        54.8849       0.548849
    3         1       0.332017     0.00332017        64.6315       0.646315
    3         1       0.400529     0.00400529         74.727        0.74727
    3         1       0.468989     0.00468989        84.4878       0.844878
    3         1       0.541607     0.00541607        94.6479       0.946479
    3         1       0.615913     0.00615913         104.56         1.0456
    3         1       0.693398     0.00693398        114.915        1.14915
    3         1        0.76698      0.0076698        124.458        1.24458
    3         1         0.8455       0.008455        134.496        1.34496
    3         1       0.923926     0.00923926        144.418        1.44418
    3         1        1.00829      0.0100829        154.859        1.54859
    3         1        1.08866      0.0108866         164.61         1.6461
    3         1        1.17486      0.0117486        174.909        1.74909
    3         1        1.25784      0.0125784        184.556        1.84556
    3         1        1.34755      0.0134755         194.77         1.9477
    3         1        1.43874      0.0143874        204.957        2.04957
    3         2      0.0286013    0.000286013        13.5117       0.135117
    3         2      0.0684187    0.000684187        23.8934       0.238934
    3         2       0.108874     0.00108874        33.5261       0.335261
    3         2       0.150885     0.00150885        43.4294       0.434294
    3         2       0.197757     0.00197757        53.6277       0.536277
    3         2       0.244859     0.00244859        63.4075       0.634075
    3         2       0.294339     0.00294339        73.5802       0.735802
    3         2          0.345        0.00345        83.4629       0.834629
    3         2       0.399344     0.00399344        93.8009       0.938009
    3         2        0.45278      0.0045278        103.935        1.03935
    3         2       0.507073     0.00507073        113.909        1.13909
    3         2       0.560483     0.00560483        123.756        1.23756
    3         2       0.615331     0.00615331        133.504        1.33504
    3         2       0.672407     0.00672407        143.816        1.43816
    3         2       0.726752     0.00726752         153.42         1.5342
    3         2       0.783625     0.00783625        163.615        1.63615
    3         2       0.841872     0.00841872         173.77         1.7377
    3         2        0.89996      0.0089996          183.9          1.839
    3         2       0.954201     0.00954201        193.379        1.93379
    3         2        1.01255      0.0101255        203.482        2.03482
    3         2        1.07158      0.0107158         213.58         2.1358
    3         2        1.13173      0.0113173        223.682        2.23682
    3         3      0.0289593    0.000289593        12.9656       0.129656
    3         3      0.0828694    0.000828694        23.8905       0.238905
    3         3       0.142397     0.00142397         34.175        0.34175
    3         3       0.212737     0.00212737        45.5138       0.455138
    3         3       0.282684     0.00282684        56.2559       0.562559
    3         3       0.359871     0.00359871        67.4371       0.674371
    3         3       0.436264     0.00436264        78.2557       0.782557
    3         3       0.519067     0.00519067        89.5836       0.895836
    3         3       0.601846     0.00601846        100.639        1.00639
    3         3       0.684042     0.00684042        111.472        1.11472
    3         3       0.772708     0.00772708        122.873        1.22873
    3         3        0.85604      0.0085604        133.357        1.33357
    3         3       0.944658     0.00944658        144.451        1.44451
    3         3        1.03448      0.0103448        155.424        1.55424
    3         3        1.12656      0.0112656          166.3          1.663
    3         3        1.22562      0.0122562         177.81         1.7781
    3         3        1.32005      0.0132005        188.534        1.88534
    3         3        1.42313      0.0142313        199.914        1.99914
    3         3        1.52126      0.0152126        210.537        2.10537
    3         3        1.62744      0.0162744        221.832        2.21832
    3         3        1.72806      0.0172806        232.394        2.32394
    4         0      0.0141645    0.000141645        8.19329      0.0819329
    4         0      0.0583159    0.000583159          19.16         0.1916
    4         0       0.113472     0.00113472        30.4847       0.304847
    4         0       0.173846     0.00173846        41.2123       0.412123
    4         0       0.243452     0.00243452        52.7631       0.527631
    4         0       0.313065     0.00313065        63.8315       0.638315
    4         0       0.382238     0.00382238        74.5686       0.745686
    4         0       0.456775     0.00456775        85.7344       0.857344
    4         0       0.531311     0.00531311        96.6524       0.966524
    4         0       0.604691     0.00604691         107.36         1.0736
    4         0       0.683912     0.00683912        118.537        1.18537
    4         0       0.763109     0.00763109        129.537        1.29537
    4         0       0.840905     0.00840905        140.385        1.40385
    4         0       0.925136     0.00925136        151.727        1.51727
    4         0        1.00904      0.0100904        162.942        1.62942
    4         0        1.08915      0.0108915        173.433        1.73433
    4         0        1.17575      0.0117575         184.45         1.8445
    4         0         1.2681       0.012681         195.99         1.9599
    4         0        1.35809      0.0135809        206.851        2.06851
    4         0        1.44866      0.0144866        217.651        2.17651
    4         0        1.54606      0.0154606        228.996        2.28996
    4         1      0.0198815    0.000198815        9.33861      0.0933861
    4         1      0.0638974    0.000638974        20.3658       0.203658
    4         1       0.118523     0.00118523        31.5078       0.315078
    4         1        0.18329      0.0018329         42.981        0.42981
    4         1       0.246911     0.00246911        53.4484       0.534484
    4         1       0.317142     0.00317142        64.2207       0.642207
    4         1       0.392741     0.00392741          75.46         0.7546
    4         1       0.468408     0.00468408        86.4702       0.864702
    4         1       0.542869     0.00542869        97.3227       0.973227
    4         1       0.623762     0.00623762        108.817        1.08817
    4         1        0.69928      0.0069928        119.445        1.19445
    4         1       0.779436     0.00779436         130.74         1.3074
    4         1        0.86022      0.0086022        141.953        1.41953
    4         1       0.935981     0.00935981        152.355        1.52355
    4         1         1.0177       0.010177        163.439        1.63439
    4         1        1.09905      0.0109905        174.468        1.74468
    4         1         1.1829       0.011829        185.448        1.85448
    4         1         1.2675       0.012675        196.385        1.96385
    4         1        1.35418      0.0135418        207.284        2.07284
    4         1        1.44843      0.0144843        218.874        2.18874
    4         1        1.53632      0.0153632        229.709        2.29709
    4         1        1.62675      0.0162675         240.52         2.4052
    4         2       0.021394     0.00021394        8.41113      0.0841113
    4         2      0.0751993    0.000751993        19.8213       0.198213
    4         2       0.133397     0.00133397        30.5515       0.305515
    4         2       0.196723     0.00196723        41.1743       0.411743
    4         2       0.274715     0.00274715        52.9452       0.529452
    4         2       0.345959     0.00345959        63.1838       0.631838
    4         2        0.42917      0.0042917        74.8516       0.748516
    4         2       0.506826     0.00506826        85.3289       0.853289
    4         2       0.590218     0.00590218        96.4428       0.964428
    4         2       0.673712     0.00673712        107.363        1.07363
    4         2       0.764421     0.00764421        118.946        1.18946
    4         2       0.847231     0.00847231        129.566        1.29566
    4         2       0.938679     0.00938679        140.881        1.40881
    4         2        1.02292      0.0102292        151.289        1.51289
    4         2        1.11501      0.0111501        162.408        1.62408
    4         2        1.20937      0.0120937        173.446        1.73446
    4         2        1.30453      0.0130453        184.414        1.84414
    4         2        1.40245      0.0140245        195.323        1.95323
    4         2        1.50939      0.0150939        206.954        2.06954
    4         2         1.6096       0.016096        217.762        2.17762
    4         2        1.71093      0.0171093        228.532        2.28532
    4         2        1.81305      0.0181305        239.267        2.39267
    4         3      0.0206936    0.000206936        8.78868      0.0878868
    4         3      0.0690813    0.000690813        19.7752       0.197752
    4         3        0.12018      0.0012018        29.8525       0.298525
    4         3       0.177045     0.00177045         39.736        0.39736
    4         3       0.237547     0.00237547        49.7634       0.497634
    4         3       0.299006     0.00299006        59.3218       0.593218
    4         3       0.365434     0.00365434        69.3221       0.693221
    4         3       0.436799     0.00436799         79.788        0.79788
    4         3       0.503761     0.00503761        89.2844       0.892844
    4         3       0.574882     0.00574882        99.3143       0.993143
    4         3       0.651698     0.00651698        109.869        1.09869
    4         3       0.722637     0.00722637        119.568        1.19568
    4         3       0.799633     0.00799633        129.817        1.29817
    4         3       0.876733     0.00876733        139.938        1.39938
    4         3       0.952923     0.00952923        149.947        1.49947
    4         3         1.0311       0.010311        159.858        1.59858
    4         3        1.10864      0.0110864        169.683        1.69683
    4         3        1.18879      0.0118879        179.431        1.79431
    4         3        1.27449      0.0127449        189.755        1.89755
    4         3        1.35754      0.0135754        199.372        1.99372
    4         3        1.44617      0.0144617        209.573        2.09573
    5         0      0.0250537    0.000250537        12.6858       0.126858
    5         0      0.0765171    0.000765171        23.3831       0.233831
    5         0        0.14076      0.0014076        34.7957       0.347957
    5         0       0.209332     0.00209332        45.7128       0.457128
    5         0       0.283441     0.00283441        56.7155       0.567155
    5         0       0.357685     0.00357685         67.364        0.67364
    5         0       0.436417     0.00436417        78.4959       0.784959
    5         0       0.515954     0.00515954        89.4675       0.894675
    5         0       0.599051     0.00599051        100.988        1.00988
    5         0       0.678458     0.00678458        111.723        1.11723
    5         0       0.757553     0.00757553        122.366        1.22366
    5         0        0.84117      0.0084117        133.584        1.33584
    5         0       0.925889     0.00925889         144.72         1.4472
    5         0        1.00978      0.0100978        155.782        1.55782
    5         0        1.09602      0.0109602        166.778        1.66778
    5         0         1.1822       0.011822        177.715        1.77715
    5         0         1.2714       0.012714        188.599        1.88599
    5         0        1.36096      0.0136096        199.437        1.99437
    5         0        1.45794      0.0145794        210.865        2.10865
    5         0        1.55114      0.0155114        221.622        2.21622
    5         1      0.0165039    0.000165039        8.69791      0.0869791
    5         1       0.065337     0.00065337        18.8235       0.188235
    5         1       0.132655     0.00132655        30.0585       0.300585
    5         1       0.212837     0.00212837        41.3635       0.413635
    5         1       0.299462     0.00299462        52.5462       0.525462
    5         1       0.386957     0.00386957        63.2715       0.632715
    5         1       0.480116     0.00480116        74.5736       0.745736
    5         1       0.574356     0.00574356        85.7188       0.857188
    5         1       0.667719     0.00667719        96.7467       0.967467
    5         1       0.761807     0.00761807        107.676        1.07676
    5         1       0.855403     0.00855403        118.518        1.18518
    5         1       0.949549     0.00949549        129.281        1.29281
    5         1        1.05118      0.0105118        140.733        1.40733
    5         1        1.14756      0.0114756        151.356        1.51356
    5         1        1.25302      0.0125302        162.673        1.62673
    5         1        1.36104      0.0136104        173.931        1.73931
    5         1        1.46285      0.0146285        184.392        1.84392
    5         1        1.57455      0.0157455        195.554        1.95554
    5         1        1.68694      0.0168694        206.676        2.06676
    5         1         1.7998       0.017998        217.762        2.17762
    5         1        1.91387      0.0191387        228.816        2.28816
    5         2      0.0272451    0.000272451        11.9719       0.119719
    5         2      0.0844763    0.000844763        20.5854       0.205854
    5         2        0.14568      0.0014568        29.6995       0.296995
    5         2       0.205552     0.00205552        38.4134       0.384134
    5         2       0.273006     0.00273006        47.5942       0.475942
    5         2       0.339248     0.00339248        56.4053       0.564053
    5         2       0.412818     0.00412818        65.6568       0.656568
    5         2       0.486428     0.00486428        74.5918       0.745918
    5         2       0.564614     0.00564614        83.9772       0.839772
    5         2       0.637989     0.00637989        92.4186       0.924186
    5         2       0.716646     0.00716646        101.368        1.01368
    5         2       0.802096     0.00802096        110.825        1.10825
    5         2       0.880663     0.00880663        119.471        1.19471
    5         2       0.966648     0.00966648        128.668        1.28668
    5         2        1.05308      0.0105308        137.771        1.37771
    5         2        1.14057      0.0114057          146.8          1.468
    5         2        1.22891      0.0122891        155.771        1.55771
    5         2        1.32035      0.0132035        164.698        1.64698
    5         2        1.41197      0.0141197         173.59         1.7359
    5         2        1.50572      0.0150572        182.456        1.82456
    5         2        1.60789      0.0160789        191.935        1.91935
    5         2        1.70301      0.0170301        200.768        2.00768
    5         3      0.0223306    0.000223306        11.2036       0.112036
    5         3      0.0897491    0.000897491         20.558        0.20558
    5         3       0.171539     0.00171539        29.7044       0.297044
    5         3       0.261589     0.00261589        38.6765       0.386765
    5         3       0.359746     0.00359746        47.9136       0.479136
    5         3       0.458415     0.00458415        56.8066       0.568066
    5         3       0.556122     0.00556122         65.439        0.65439
    5         3       0.662616     0.00662616        74.5444       0.745444
    5         3       0.769362     0.00769362        83.4285       0.834285
    5         3       0.883267     0.00883267        92.7805       0.927805
    5         3       0.998738     0.00998738        101.938        1.01938
    5         3        1.11501      0.0111501        110.927        1.10927
    5         3        1.23479      0.0123479        119.768        1.19768
    5         3        1.35683      0.0135683        128.481        1.28481
    5         3         1.4902       0.014902        137.693        1.37693
    5         3        1.62713      0.0162713        146.794        1.46794
    5         3        1.76497      0.0176497          155.8          1.558
    5         3         1.9037       0.019037        164.721        1.64721
    5         3        2.04321      0.0204321        173.571        1.73571
    5         3        2.19276      0.0219276        182.942        1.82942
    5         3        2.33343      0.0233343        191.671        1.91671
    6         0      0.0169618    0.000169618        11.7525       0.117525
    6         0      0.0624033    0.000624033        23.1412       0.231412
    6         0       0.117172     0.00117172         34.191        0.34191
    6         0       0.180163     0.00180163        45.6138       0.456138
    6         0       0.248275     0.00248275        56.9749       0.569749
    6         0        0.31703      0.0031703        67.7678       0.677678
    6         0        0.38974      0.0038974           78.9          0.789
    6         0       0.463289     0.00463289        89.6945       0.896945
    6         0       0.541774     0.00541774        100.915        1.00915
    6         0       0.619025     0.00619025        111.888        1.11888
    6         0       0.697563     0.00697563        122.657        1.22657
    6         0       0.780217     0.00780217        133.915        1.33915
    6         0       0.858375     0.00858375        144.365        1.44365
    6         0       0.946861     0.00946861        155.979        1.55979
    6         0         1.0304       0.010304        166.834        1.66834
    6         0        1.11565      0.0111565        177.596        1.77596
    6         0        1.20634      0.0120634        188.906        1.88906
    6         0        1.29445      0.0129445        199.521        1.99521
    6         0        1.38926      0.0138926        210.703        2.10703
    6         0         1.4849       0.014849        221.835        2.21835
    6         0        1.58295      0.0158295        232.927        2.32927
    6         1      0.0245442    0.000245442        12.6463       0.126463
    6         1      0.0792403    0.000792403        24.1483       0.241483
    6         1       0.145537     0.00145537        35.5673       0.355673
    6         1       0.216383     0.00216383        46.9419       0.469419
    6         1       0.288297     0.00288297         57.837        0.57837
    6         1       0.358873     0.00358873        68.4431       0.684431
    6         1       0.436712     0.00436712        79.6854       0.796854
    6         1        0.51409      0.0051409        90.7122       0.907122
    6         1       0.591096     0.00591096        101.552        1.01552
    6         1       0.668939     0.00668939         112.23         1.1223
    6         1       0.751418     0.00751418        123.569        1.23569
    6         1         0.8351       0.008351        134.764        1.34764
    6         1       0.918418     0.00918418        145.835        1.45835
    6         1        1.00269      0.0100269        156.799        1.56799
    6         1        1.08783      0.0108783        167.669        1.67669
    6         1         1.1736       0.011736        178.459        1.78459
    6         1        1.26721      0.0126721        189.944        1.89944
    6         1        1.35736      0.0135736        200.602        2.00602
    6         1        1.45417      0.0145417        211.964        2.11964
    6         1        1.54655      0.0154655        222.526        2.22526
    6         1        1.64668      0.0164668          233.8          2.338
    6         2      0.0248703    0.000248703         12.755        0.12755
    6         2      0.0634583    0.000634583        21.2441       0.212441
    6         2       0.106568     0.00106568        30.1471       0.301471
    6         2       0.158123     0.00158123        39.9979       0.399979
    6         2       0.209579     0.00209579        48.9982       0.489982
    6         2       0.260573     0.00260573        57.3881       0.573881
    6         2       0.321951     0.00321951        66.7356       0.667356
    6         2       0.383421     0.00383421        75.6346       0.756346
    6         2       0.448323     0.00448323        84.8528       0.848528
    6         2        0.51451      0.0051451        93.7904       0.937904
    6         2       0.580469     0.00580469         102.52         1.0252
    6         2       0.650855     0.00650855        111.701        1.11701
    6         2       0.720777     0.00720777        120.751        1.20751
    6         2       0.791761     0.00791761        129.706        1.29706
    6         2       0.861649     0.00861649        138.594        1.38594
    6         2       0.932427     0.00932427        147.435        1.47435
    6         2        1.00857      0.0100857        156.836        1.56836
    6         2        1.08067      0.0108067        165.635        1.65635
    6         2        1.15246      0.0115246        174.432        1.74432
    6         2         1.2316       0.012316        183.823        1.83823
    6         2         1.3064       0.013064        192.643        1.92643
    6         3      0.0182378    0.000182378        11.4541       0.114541
    6         3      0.0527543    0.000527543        20.5168       0.205168
    6         3      0.0972985    0.000972985        29.9221       0.299221
    6         3       0.145693     0.00145693        38.8934       0.388934
    6         3       0.198953     0.00198953        47.8826       0.478826
    6         3       0.251022     0.00251022        56.3993       0.563993
    6         3       0.309316     0.00309316         65.389        0.65389
    6         3       0.372401     0.00372401        74.9053       0.749053
    6         3       0.429731     0.00429731        83.5432       0.835432
    6         3       0.492582     0.00492582        92.7767       0.927767
    6         3        0.55547      0.0055547        101.901        1.01901
    6         3       0.617813     0.00617813         110.93         1.1093
    6         3       0.680327     0.00680327        119.875        1.19875
    6         3       0.743329     0.00743329        128.743        1.28743
    6         3       0.805886     0.00805886        137.542        1.37542
    6         3       0.873039     0.00873039        146.949        1.46949
    6         3       0.936518     0.00936518        155.624        1.55624
    6         3        1.00462      0.0100462         164.91         1.6491
    6         3        1.06787      0.0106787        173.484        1.73484
    6         3        1.13755      0.0113755        182.672        1.82672
    6         3        1.20767      0.0120767        191.815        1.91815
    6         3          1.279        0.01279         200.92         2.0092
    7         0      0.0191649    0.000191649        9.21392      0.0921392
    7         0      0.0593507    0.000593507        18.2274       0.182274
    7         0       0.108266     0.00108266        27.6394       0.276394
    7         0       0.157263     0.00157263        36.3248       0.363248
    7         0       0.210662     0.00210662         45.379        0.45379
    7         0       0.268598     0.00268598        54.8317       0.548317
    7         0       0.327611     0.00327611        63.9467       0.639467
    7         0       0.386611     0.00386611        72.7932       0.727932
    7         0       0.444357     0.00444357        81.4202       0.814202
    7         0       0.508235     0.00508235          90.56         0.9056
    7         0       0.571934     0.00571934        99.5201       0.995201
    7         0       0.634643     0.00634643        108.328        1.08328
    7         0       0.703212     0.00703212        117.669        1.17669
    7         0       0.772087     0.00772087        126.883        1.26883
    7         0       0.839371     0.00839371        135.987        1.35987
    7         0       0.908449     0.00908449        144.998        1.44998
    7         0       0.977681     0.00977681        153.927        1.53927
    7         0        1.04615      0.0104615        162.786        1.62786
    7         0        1.11634      0.0111634        171.583        1.71583
    7         0        1.19276      0.0119276        180.949        1.80949
    7         0        1.26443      0.0126443        189.644        1.89644
    7         0        1.34298      0.0134298        198.914        1.98914
    7         1      0.0215286    0.000215286        9.78081      0.0978081
    7         1      0.0613793    0.000613793        19.1463       0.191463
    7         1       0.110605     0.00110605        28.8093       0.288093
    7         1       0.158743     0.00158743        37.2434       0.372434
    7         1        0.21603      0.0021603        46.4619       0.464619
    7         1       0.278056     0.00278056        55.8043       0.558043
    7         1       0.340841     0.00340841        64.7395       0.647395
    7         1       0.403496     0.00403496        73.4052       0.734052
    7         1       0.470228     0.00470228        82.5229       0.825229
    7         1        0.53791      0.0053791        91.4711       0.914711
    7         1       0.609877     0.00609877        100.911        1.00911
    7         1       0.676838     0.00676838        109.608        1.09608
    7         1       0.749378     0.00749378        118.824        1.18824
    7         1       0.821218     0.00821218        127.952        1.27952
    7         1       0.888253     0.00888253        136.401        1.36401
    7         1       0.965981     0.00965981        145.987        1.45987
    7         1        1.03921      0.0103921        154.914        1.54914
    7         1        1.11222      0.0111222        163.791        1.63791
    7         1        1.18742      0.0118742        172.625        1.72625
    7         1        1.26285      0.0126285         181.42         1.8142
    7         1        1.34559      0.0134559        190.766        1.90766
    7         2      0.0238729    0.000238729        10.2429       0.102429
    7         2      0.0553673    0.000553673        17.8058       0.178058
    7         2      0.0854534    0.000854534        24.3041       0.243041
    7         2       0.123522     0.00123522        31.6054       0.316054
    7         2       0.165243     0.00165243        38.9999       0.389999
    7         2         0.2073       0.002073        45.9614       0.459614
    7         2       0.249265     0.00249265        52.6156       0.526156
    7         2       0.294299     0.00294299         59.609        0.59609
    7         2        0.34404      0.0034404        66.9378       0.669378
    7         2       0.389984     0.00389984        73.5164       0.735164
    7         2       0.439746     0.00439746        80.4744       0.804744
    7         2       0.493136     0.00493136        87.8008       0.878008
    7         2       0.546033     0.00546033        94.9792       0.949792
    7         2        0.59574      0.0059574         101.53         1.0153
    7         2       0.653223     0.00653223         108.97         1.0897
    7         2       0.706408     0.00706408        115.813        1.15813
    7         2       0.759357     0.00759357        122.571        1.22571
    7         2       0.816845     0.00816845        129.728        1.29728
    7         2       0.874377     0.00874377        136.808        1.36808
    7         2       0.931094     0.00931094        143.821        1.43821
    7         2       0.989056     0.00989056        150.775        1.50775
    7         2        1.04723      0.0104723        157.677        1.57677
    7         3      0.0198024    0.000198024        9.77446      0.0977446
    7         3      0.0646479    0.000646479        18.8033       0.188033
    7         3       0.118279     0.00118279        27.8939       0.278939
    7         3        0.17027      0.0017027        36.4496       0.364496
    7         3       0.230353     0.00230353        45.9516       0.459516
    7         3       0.286899     0.00286899        54.5712       0.545712
    7         3       0.347701     0.00347701        63.6022       0.636022
    7         3       0.407364     0.00407364         72.462        0.72462
    7         3       0.472557     0.00472557        81.7548       0.817548
    7         3       0.536318     0.00536318        90.9093       0.909093
    7         3       0.600956     0.00600956        99.9445       0.999445
    7         3       0.665932     0.00665932        108.875        1.08875
    7         3       0.729802     0.00729802        117.714        1.17714
    7         3       0.794603     0.00794603        126.472        1.26472
    7         3       0.863532     0.00863532        135.697        1.35697
    7         3       0.931693     0.00931693        144.848        1.44848
    7         3        1.00146      0.0100146        153.933        1.53933
    7         3        1.07044      0.0107044        162.958        1.62958
    7         3        1.14116      0.0114116         171.93         1.7193
    7         3         1.2133       0.012133        180.852        1.80852
    7         3          1.285        0.01285        189.731        1.89731
    7         3         1.3595       0.013595        198.568        1.98568
    8         0      0.0314237    0.000314237        10.5321       0.105321
    8         0      0.0610519    0.000610519         18.606        0.18606
    8         0      0.0972641    0.000972641        26.9995       0.269995
    8         0       0.133476     0.00133476        34.5147       0.345147
    8         0       0.176273     0.00176273        42.7167       0.427167
    8         0       0.219741     0.00219741         50.429        0.50429
    8         0         0.2714       0.002714        58.8989       0.588989
    8         0        0.31946      0.0031946        66.4923       0.664923
    8         0       0.374061     0.00374061        74.8846       0.748846
    8         0       0.425152     0.00425152         82.529        0.82529
    8         0       0.483646     0.00483646        90.9802       0.909802
    8         0        0.53868      0.0053868        98.7635       0.987635
    8         0       0.597141     0.00597141        106.882        1.06882
    8         0       0.655726     0.00655726        114.868        1.14868
    8         0        0.71383      0.0071383        122.744        1.22744
    8         0       0.775254     0.00775254        130.981        1.30981
    8         0       0.833793     0.00833793        138.677        1.38677
    8         0       0.896059     0.00896059        146.752        1.46752
    8         0       0.958666     0.00958666        154.762        1.54762
    8         0        1.02182      0.0102182        162.718        1.62718
    8         0        1.08448      0.0108448        170.626        1.70626
    8         1      0.0259769    0.000259769        11.4535       0.114535
    8         1      0.0608523    0.000608523        18.9503       0.189503
    8         1      0.0957278    0.000957278        25.9145       0.259145
    8         1       0.130603     0.00130603        32.4553       0.324553
    8         1       0.172454     0.00172454        39.8411       0.398411
    8         1       0.214303     0.00214303        46.8062       0.468062
    8         1       0.259643     0.00259643        53.9605       0.539605
    8         1       0.304979     0.00304979        60.7806       0.607806
    8         1        0.35381      0.0035381        67.8207       0.678207
    8         1       0.402759     0.00402759        74.6044       0.746044
    8         1       0.454842     0.00454842        81.6434       0.816434
    8         1       0.509923     0.00509923        88.9425       0.889425
    8         1       0.562531     0.00562531        95.6289       0.956289
    8         1       0.618322     0.00618322        102.628        1.02628
    8         1       0.677706     0.00677706        109.946        1.09946
    8         1       0.733498     0.00733498        116.746        1.16746
    8         1       0.792895     0.00792895        123.897        1.23897
    8         1       0.851481     0.00851481        130.989        1.30989
    8         1       0.907842     0.00907842        137.623        1.37623
    8         1       0.967832     0.00967832         144.64         1.4464
    8         1        1.02814      0.0102814         151.63         1.5163
    8         1        1.08896      0.0108896        158.603        1.58603
    8         1        1.15345      0.0115345        165.974        1.65974
    8         2      0.0237586    0.000237586        9.74239      0.0974239
    8         2      0.0599942    0.000599942        19.4396       0.194396
    8         2       0.105289     0.00105289        28.9779       0.289779
    8         2       0.150583     0.00150583        37.3618       0.373618
    8         2       0.205702     0.00205702        46.7295       0.467295
    8         2       0.262104     0.00262104        55.6708       0.556708
    8         2       0.317293     0.00317293        64.3217       0.643217
    8         2       0.377115     0.00377115        73.4368       0.734368
    8         2       0.437587     0.00437587         82.328        0.82328
    8         2       0.502715     0.00502715        91.6866       0.916866
    8         2       0.567093     0.00567093        100.849        1.00849
    8         2       0.632414     0.00632414        109.839        1.09839
    8         2       0.697648     0.00697648        118.676        1.18676
    8         2       0.767037     0.00767037        127.994        1.27994
    8         2       0.831909     0.00831909        136.567        1.36567
    8         2         0.9022       0.009022        145.634        1.45634
    8         2          0.973        0.00973        154.593        1.54593
    8         2        1.04316      0.0104316        163.456        1.63456
    8         2        1.12015      0.0112015        172.817        1.72817
    8         2         1.1933       0.011933        181.514        1.81514
    8         2        1.27188      0.0127188        190.717        1.90717
    8         3      0.0278791    0.000278791        10.5659       0.105659
    8         3      0.0546383    0.000546383        16.6585       0.166585
    8         3      0.0843707    0.000843707        22.5826       0.225826
    8         3       0.117076     0.00117076        28.6911       0.286911
    8         3       0.149782     0.00149782        34.5484       0.345484
    8         3       0.185725     0.00185725        40.7376       0.407376
    8         3       0.222197     0.00222197        46.7652       0.467652
    8         3       0.257934     0.00257934        52.6612       0.526612
    8         3       0.297628     0.00297628        58.9232       0.589232
    8         3       0.334129     0.00334129        64.6039       0.646039
    8         3       0.373867     0.00373867         70.663        0.70663
    8         3       0.413021     0.00413021        76.6348       0.766348
    8         3       0.454866     0.00454866        82.9788       0.829788
    8         3       0.494549     0.00494549         88.797        0.88797
    8         3       0.537329     0.00537329        94.9919       0.949919
    8         3       0.577029     0.00577029        100.685        1.00685
    8         3        0.61884      0.0061884        106.757        1.06757
    8         3       0.660922     0.00660922        112.773        1.12773
    8         3       0.703834     0.00703834        118.739        1.18739
    8         3       0.746172     0.00746172        124.657        1.24657
    8         3       0.790918     0.00790918        130.951        1.30951
    8         3       0.833573     0.00833573        136.784        1.36784
    8         3       0.879402     0.00879402        142.992        1.42992
    9         0       0.011272     0.00011272        8.47696      0.0847696
    9         0      0.0454666    0.000454666        16.3318       0.163318
    9         0      0.0910593    0.000910593        24.9848       0.249848
    9         0       0.136652     0.00136652        32.9463       0.329463
    9         0       0.180605     0.00180605        40.5327       0.405327
    9         0       0.224419     0.00224419        48.4616       0.484616
    9         0       0.273914     0.00273914        56.7452       0.567452
    9         0       0.322514     0.00322514        64.8174       0.648174
    9         0        0.37161      0.0037161        72.7143       0.727143
    9         0       0.419988     0.00419988        80.4618       0.804618
    9         0       0.472023     0.00472023        88.6192       0.886192
    9         0        0.52466      0.0052466        96.6469       0.966469
    9         0       0.577139     0.00577139         104.56         1.0456
    9         0       0.633123     0.00633123        112.888        1.12888
    9         0       0.685664     0.00685664        120.602        1.20602
    9         0       0.740742     0.00740742        128.739        1.28739
    9         0       0.797058     0.00797058        136.793        1.36793
    9         0       0.853104     0.00853104         144.77         1.4477
    9         0       0.909627     0.00909627        152.679        1.52679
    9         0       0.966362     0.00966362        160.525        1.60525
    9         1       0.027726     0.00027726        10.4974       0.104974
    9         1      0.0624081    0.000624081        18.7448       0.187448
    9         1       0.100558     0.00100558        26.4501       0.264501
    9         1       0.145645     0.00145645        34.9258       0.349258
    9         1         0.1884       0.001884        42.4216       0.424216
    9         1        0.23653      0.0023653        50.9054       0.509054
    9         1       0.282884     0.00282884        58.5959       0.585959
    9         1       0.331414     0.00331414        66.7185       0.667185
    9         1       0.380562     0.00380562         74.704        0.74704
    9         1       0.430018     0.00430018        82.5733       0.825733
    9         1       0.483071     0.00483071        90.8929       0.908929
    9         1       0.532571     0.00532571        98.5658       0.985658
    9         1       0.585795     0.00585795        106.699        1.06699
    9         1       0.637863     0.00637863        114.751        1.14751
    9         1       0.691014     0.00691014        122.729        1.22729
    9         1       0.743991     0.00743991         130.64         1.3064
    9         1       0.797117     0.00797117         138.49         1.3849
    9         1       0.853813     0.00853813        146.801        1.46801
    9         1       0.906931     0.00906931        154.539        1.54539
    9         1       0.963561     0.00963561        162.741        1.62741
    9         1        1.02125      0.0102125        170.892        1.70892
    9         1        1.07918      0.0107918        178.996        1.78996
    9         2      0.0224403    0.000224403        11.4908       0.114908
    9         2       0.061973     0.00061973        19.8224       0.198224
    9         2         0.1051       0.001051        27.5475       0.275475
    9         2       0.155436     0.00155436        35.9613       0.359613
    9         2       0.199931     0.00199931        43.4656       0.434656
    9         2       0.252259     0.00252259        51.8849       0.518849
    9         2       0.300859     0.00300859        59.5721       0.595721
    9         2       0.353096     0.00353096        67.6659       0.676659
    9         2       0.405334     0.00405334        75.6382       0.756382
    9         2       0.457233     0.00457233        83.5089       0.835089
    9         2       0.512313     0.00512313        91.8079       0.918079
    9         2       0.564747     0.00564747        99.5091       0.995091
    9         2       0.620452     0.00620452         107.65         1.0765
    9         2       0.676274     0.00676274        115.722        1.15722
    9         2       0.732165     0.00732165        123.734        1.23734
    9         2       0.787035     0.00787035        131.689        1.31689
    9         2       0.842994     0.00842994        139.596        1.39596
    9         2       0.902705     0.00902705        147.946        1.47946
    9         2       0.958922     0.00958922        155.763        1.55763
    9         2        1.01578      0.0101578        163.541        1.63541
    9         2         1.0754       0.010754        171.766        1.71766
    9         2        1.13685      0.0113685        179.956        1.79956
    9         3      0.0262451    0.000262451        8.58118      0.0858118
    9         3      0.0554493    0.000554493         15.583        0.15583
    9         3      0.0904943    0.000904943        22.4638       0.224638
    9         3        0.13138      0.0013138        29.7459       0.297459
    9         3       0.172037     0.00172037        36.6072       0.366072
    9         3       0.215895     0.00215895        43.6593       0.436593
    9         3       0.263452     0.00263452        50.9352       0.509352
    9         3        0.30655      0.0030655        57.5771       0.575771
    9         3       0.356719     0.00356719        64.9352       0.649352
    9         3       0.403965     0.00403965        71.7229       0.717229
    9         3       0.453794     0.00453794        78.8106       0.788106
    9         3        0.50292      0.0050292         85.788        0.85788
    9         3       0.553215     0.00553215        92.6684       0.926684
    9         3       0.606399     0.00606399          99.86         0.9986
    9         3       0.659052     0.00659052        106.967        1.06967
    9         3       0.711364     0.00711364        113.998        1.13998
    9         3       0.764551     0.00764551        120.961        1.20961
    9         3       0.817712     0.00817712        127.863        1.27863
    9         3       0.870028     0.00870028         134.71         1.3471
    9         3       0.926131     0.00926131        141.882        1.41882
    9         3       0.979899     0.00979899        148.629        1.48629
    9         3        1.03683      0.0103683        155.706        1.55706
   10         0      0.0244225    0.000244225         7.9819       0.079819
   10         0      0.0437368    0.000437368        13.3725       0.133725
   10         0      0.0694893    0.000694893        19.3452       0.193452
   10         0        0.10168      0.0010168        25.8376       0.258376
   10         0        0.13387      0.0013387        31.7846       0.317846
   10         0       0.170174     0.00170174        37.9831       0.379831
   10         0       0.205058     0.00205058        43.9549       0.439549
   10         0        0.24121      0.0024121        49.7635       0.497635
   10         0       0.280483     0.00280483         55.951        0.55951
   10         0       0.316324     0.00316324        61.5058       0.615058
   10         0       0.358924     0.00358924        67.9429       0.679429
   10         0       0.398164     0.00398164        73.7737       0.737737
   10         0       0.440627     0.00440627        79.9807       0.799807
   10         0       0.479994     0.00479994        85.6174       0.856174
   10         0       0.522731     0.00522731        91.6312       0.916312
   10         0       0.564901     0.00564901        97.5564       0.975564
   10         0       0.610294     0.00610294        103.847        1.03847
   10         0       0.652938     0.00652938         109.61         1.0961
   10         0       0.698822     0.00698822         115.74         1.1574
   10         0       0.744809     0.00744809        121.797        1.21797
   10         0       0.790738     0.00790738        127.787        1.27787
   10         0       0.836478     0.00836478        133.716        1.33716
   10         0        0.88268      0.0088268        139.588        1.39588
   10         1      0.0269828    0.000269828        8.22438      0.0822438
   10         1      0.0591321    0.000591321        15.4777       0.154777
   10         1      0.0984256    0.000984256        22.7892       0.227892
   10         1       0.137719     0.00137719        29.5282       0.295282
   10         1       0.181739     0.00181739        36.5403       0.365403
   10         1       0.228436     0.00228436        43.8781       0.438781
   10         1       0.272706     0.00272706        50.4776       0.504776
   10         1       0.319634     0.00319634        57.4791       0.574791
   10         1       0.370305     0.00370305        64.8782       0.648782
   10         1       0.418179     0.00418179        71.6382       0.716382
   10         1       0.469433     0.00469433        78.8155       0.788155
   10         1       0.520915     0.00520915        85.8988       0.858988
   10         1       0.571536     0.00571536        92.8992       0.928992
   10         1       0.622574     0.00622574        99.8246       0.998246
   10         1       0.674016     0.00674016        106.682        1.06682
   10         1       0.728984     0.00728984        113.961        1.13961
   10         1       0.780544     0.00780544        120.696        1.20696
   10         1       0.834636     0.00834636        127.856        1.27856
   10         1       0.890122     0.00890122         134.96         1.3496
   10         1       0.941871     0.00941871        141.545        1.41545
   10         1       0.997742     0.00997742        148.554        1.48554
   10         1        1.05714      0.0105714        155.983        1.55983
   10         2     0.00936573    9.36573e-05        9.81203      0.0981203
   10         2      0.0491193    0.000491193        16.6725       0.166725
   10         2      0.0928481    0.000928481        23.6718       0.236718
   10         2       0.140552     0.00140552        30.8947       0.308947
   10         2        0.18399      0.0018399        37.7662       0.377662
   10         2       0.228982     0.00228982        44.8755       0.448755
   10         2       0.274684     0.00274684        51.6901       0.516901
   10         2       0.323739     0.00323739        58.7521       0.587521
   10         2       0.372856     0.00372856        65.5729       0.655729
   10         2       0.425611     0.00425611        72.6558       0.726558
   10         2       0.481007     0.00481007        79.9957       0.799957
   10         2       0.533582     0.00533582        86.7074       0.867074
   10         2       0.589912     0.00589912        93.7139       0.937139
   10         2         0.6462       0.006462        100.587        1.00587
   10         2       0.705978     0.00705978        107.765        1.07765
   10         2       0.765117     0.00765117        114.835        1.14835
   10         2       0.824407     0.00824407        121.813        1.21813
   10         2       0.884442     0.00884442        128.713        1.28713
   10         2       0.948266     0.00948266        135.947        1.35947
   10         2        1.00891      0.0100891        142.722        1.42722
   10         2        1.07276      0.0107276        149.842        1.49842
   10         3      0.0364659    0.000364659        10.3992       0.103992
   10         3      0.0728626    0.000728626        17.9631       0.179631
   10         3        0.10562      0.0010562        24.4027       0.244027
   10         3       0.145656     0.00145656        31.9193       0.319193
   10         3       0.182444     0.00182444        38.4775       0.384775
   10         3       0.224164     0.00224164        45.4396       0.454396
   10         3       0.268588     0.00268588        52.7798       0.527798
   10         3       0.313009     0.00313009        59.8938       0.598938
   10         3       0.358283     0.00358283        66.8138       0.668138
   10         3       0.403412     0.00403412        73.5658       0.735658
   10         3       0.452102     0.00452102        80.7154       0.807154
   10         3       0.500299     0.00500299        87.7149       0.877149
   10         3       0.549196     0.00549196        94.5828       0.945828
   10         3       0.601811     0.00601811         101.85         1.0185
   10         3       0.654504     0.00654504        108.998        1.08998
   10         3       0.703175     0.00703175        115.543        1.15543
   10         3       0.758815     0.00758815        122.994        1.22994
   10         3       0.811602     0.00811602        129.863        1.29863
   10         3       0.864301     0.00864301        136.658        1.36658
   10         3       0.921235     0.00921235        143.866        1.43866
   10         3       0.973471     0.00973471        150.531        1.50531
   11         0      0.0346005    0.000346005        12.7854       0.127854
   11         0      0.0633322    0.000633322        19.9088       0.199088
   11         0      0.0946759    0.000946759        26.7893       0.267893
   11         0       0.128632     0.00128632        33.6533       0.336533
   11         0       0.165219     0.00165219        40.5926       0.405926
   11         0        0.20432      0.0020432        47.6495       0.476495
   11         0       0.247729     0.00247729        54.8471       0.548471
   11         0       0.290976     0.00290976        61.7746       0.617746
   11         0       0.336875     0.00336875        68.8963       0.688963
   11         0       0.382837     0.00382837        75.8154       0.758154
   11         0       0.430731     0.00430731        82.9586       0.829586
   11         0        0.47923      0.0047923        89.9452       0.899452
   11         0       0.528017     0.00528017        96.8001       0.968001
   11         0       0.579443     0.00579443        103.916        1.03916
   11         0       0.630814     0.00630814        110.927        1.10927
   11         0       0.681941     0.00681941        117.851        1.17851
   11         0       0.732617     0.00732617        124.701        1.24701
   11         0       0.786722     0.00786722        131.844        1.31844
   11         0       0.840669     0.00840669        138.928        1.38928
   11         0       0.895014     0.00895014        145.964        1.45964
   11         1       0.036405     0.00036405        17.5715       0.175715
   11         1      0.0708438    0.000708438        23.6244       0.236244
   11         1       0.105283     0.00105283         29.582        0.29582
   11         1       0.142591     0.00142591        35.9236       0.359236
   11         1       0.177093     0.00177093        41.6669       0.416669
   11         1        0.21547      0.0021547        47.7642       0.477642
   11         1        0.25329      0.0025329        53.7303       0.537303
   11         1       0.291207     0.00291207         59.567        0.59567
   11         1        0.33248      0.0033248        65.7147       0.657147
   11         1       0.373853     0.00373853        71.7293       0.717293
   11         1       0.415083     0.00415083        77.6231       0.776231
   11         1       0.458926     0.00458926        83.8194       0.838194
   11         1       0.502789     0.00502789        89.9109       0.899109
   11         1       0.547227     0.00547227        95.9141       0.959141
   11         1       0.591572     0.00591572        101.846        1.01846
   11         1       0.635591     0.00635591         107.72         1.0772
   11         1       0.682324     0.00682324        113.939        1.13939
   11         1       0.726627     0.00726627        119.737        1.19737
   11         1       0.773936     0.00773936        125.899        1.25899
   11         1       0.817947     0.00817947        131.664        1.31664
   11         1       0.864754     0.00864754        137.809        1.37809
   11         1       0.912163     0.00912163        143.959        1.43959
   11         1       0.957002     0.00957002        149.732        1.49732
   11         2       0.024587     0.00024587        9.39575      0.0939575
   11         2      0.0532875    0.000532875        15.8391       0.158391
   11         2      0.0843798    0.000843798        21.7008       0.217008
   11         2       0.120255     0.00120255        27.9957       0.279957
   11         2       0.153739     0.00153739        33.6282       0.336282
   11         2       0.192309     0.00192309        39.8768       0.398768
   11         2        0.23117      0.0023117        45.9762       0.459762
   11         2       0.269985     0.00269985        51.9575       0.519575
   11         2       0.308526     0.00308526        57.8407       0.578407
   11         2       0.349176     0.00349176        63.9995       0.639995
   11         2       0.388068     0.00388068        69.7206       0.697206
   11         2       0.429444     0.00429444        75.7279       0.757279
   11         2       0.470916     0.00470916        81.6694       0.816694
   11         2       0.514819     0.00514819        87.8959       0.878959
   11         2        0.55615      0.0055615        93.7207       0.937207
   11         2       0.599873     0.00599873        99.8346       0.998346
   11         2       0.643628     0.00643628        105.898        1.05898
   11         2       0.687513     0.00687513        111.914        1.11914
   11         2       0.731248     0.00731248        117.887        1.17887
   11         2       0.775091     0.00775091         123.82         1.2382
   11         2       0.819022     0.00819022        129.716        1.29716
   11         3      0.0253185    0.000253185        10.9003       0.109003
   11         3      0.0538164    0.000538164         16.857        0.16857
   11         3      0.0858766    0.000858766        22.8261       0.228261
   11         3       0.117937     0.00117937        28.5061       0.285061
   11         3       0.153559     0.00153559        34.5988       0.345988
   11         3       0.190558     0.00190558        40.5149       0.405149
   11         3       0.229401     0.00229401        46.8545       0.468545
   11         3       0.266715     0.00266715        52.4867       0.524867
   11         3        0.30636      0.0030636        58.5561       0.585561
   11         3       0.345723     0.00345723        64.5078       0.645078
   11         3       0.389595     0.00389595         70.881        0.70881
   11         3       0.429859     0.00429859        76.6239       0.766239
   11         3       0.473676     0.00473676        82.7914       0.827914
   11         3       0.517738     0.00517738        88.8657       0.888657
   11         3       0.561219     0.00561219        94.8553       0.948553
   11         3       0.604435     0.00604435        100.767        1.00767
   11         3       0.648451     0.00648451        106.608        1.06608
   11         3       0.696046     0.00696046        112.861        1.12861
   11         3       0.740036     0.00740036         118.57         1.1857
   11         3       0.787624     0.00787624         124.69         1.2469
   11         3       0.834186     0.00834186         130.75         1.3075
   11         3       0.881967     0.00881967        136.753        1.36753
   11         3       0.929871     0.00929871        142.703        1.42703
