 *tel    numcsi   CsIInVoltage     errCsIInVoltage           CsIE       errCsIE
    0         0      0.0307874    0.000307874        7.68887      0.0768887
    0         0       0.149341     0.00149341        23.3064       0.233064
    0         0       0.273745     0.00273745        39.5796       0.395796
    0         0        0.39205      0.0039205        55.5622       0.555622
    0         0       0.503185     0.00503185        71.0812       0.710812
    0         0       0.614057     0.00614057        87.0115       0.870115
    0         0       0.724728     0.00724728        103.326        1.03326
    0         0       0.828812     0.00828812        118.956        1.18956
    0         0       0.941556     0.00941556        135.974        1.35974
    0         0        1.04037      0.0104037        151.149        1.51149
    0         0        1.14741      0.0114741        167.695        1.67695
    0         0        1.24964      0.0124964        183.399        1.83399
    0         0         1.3548       0.013548        199.349        1.99349
    0         0        1.46147      0.0146147        215.534        2.15534
    0         0        1.56961      0.0156961        231.955        2.31955
    0         0        1.67294      0.0167294        247.408        2.47408
    0         0        1.77574      0.0177574        263.049        2.63049
    0         0        1.87924      0.0187924        278.871        2.78871
    0         0        1.98314      0.0198314        294.879        2.94879
    0         0        2.08769      0.0208769        311.069        3.11069
    0         0        2.19354      0.0219354        327.426        3.27426
    0         0        2.29864      0.0229864        343.955        3.43955
    0         1      0.0279281    0.000279281        7.86382      0.0786382
    0         1       0.138308     0.00138308        22.4596       0.224596
    0         1       0.252358     0.00252358        37.9996       0.379996
    0         1       0.361405     0.00361405        52.7364       0.527364
    0         1       0.469748     0.00469748        67.7005       0.677005
    0         1       0.578899     0.00578899        82.9211       0.829211
    0         1       0.679775     0.00679775        97.3728       0.973728
    0         1       0.781204     0.00781204        112.065        1.12065
    0         1       0.882434     0.00882434        127.001        1.27001
    0         1       0.985766     0.00985766         142.18         1.4218
    0         1        1.08924      0.0108924        157.598        1.57598
    0         1        1.18721      0.0118721        172.124        1.72124
    0         1        1.29526      0.0129526        187.987        1.87987
    0         1        1.39738      0.0139738        202.919        2.02919
    0         1        1.49315      0.0149315         216.87         2.1687
    0         1        1.59883      0.0159883        232.165        2.32165
    0         1        1.70559      0.0170559        247.634        2.47634
    0         1        1.80522      0.0180522        262.076        2.62076
    0         1        1.91328      0.0191328        277.875        2.77875
    0         1        2.01381      0.0201381         292.62         2.9262
    0         1        2.11435      0.0211435        307.499        3.07499
    0         2      0.0348195    0.000348195        8.52298      0.0852298
    0         2        0.15174      0.0015174        23.5269       0.235269
    0         2       0.268075     0.00268075        38.4545       0.384545
    0         2       0.383816     0.00383816        53.5372       0.535372
    0         2       0.500981     0.00500981        68.8316       0.688316
    0         2       0.609874     0.00609874        83.3835       0.833835
    0         2       0.719494     0.00719494        98.1516       0.981516
    0         2       0.828286     0.00828286        113.141        1.13141
    0         2       0.938114     0.00938114        128.353        1.28353
    0         2        1.04902      0.0104902        143.785        1.43785
    0         2        1.15416      0.0115416        158.384        1.58384
    0         2        1.26211      0.0126211         173.17         1.7317
    0         2        1.37202      0.0137202         188.14         1.8814
    0         2        1.48449      0.0148449        203.287        2.03287
    0         2        1.59873      0.0159873        218.609        2.18609
    0         2        1.70654      0.0170654        232.989        2.32989
    0         2        1.82329      0.0182329        248.639        2.48639
    0         2        1.93238      0.0193238        263.313        2.63313
    0         2         2.0424       0.020424        278.131        2.78131
    0         2        2.15261      0.0215261        293.079        2.93079
    0         2        2.26278      0.0226278         308.16         3.0816
    0         2        2.37301      0.0237301        323.371        3.23371
    0         3      0.0359557    0.000359557        9.75069      0.0975069
    0         3       0.139404     0.00139404        22.4528       0.224528
    0         3       0.245379     0.00245379        35.9626       0.359626
    0         3          0.345        0.00345        48.8825       0.488825
    0         3       0.438632     0.00438632        61.2117       0.612117
    0         3       0.538761     0.00538761         74.606        0.74606
    0         3       0.632674     0.00632674        87.3969       0.873969
    0         3       0.727479     0.00727479        100.411        1.00411
    0         3       0.820965     0.00820965        113.648        1.13648
    0         3       0.908557     0.00908557          126.2          1.262
    0         3        1.00416      0.0100416        139.855        1.39855
    0         3        1.09403      0.0109403        152.789        1.52789
    0         3        1.18522      0.0118522        165.902        1.65902
    0         3        1.27133      0.0127133        178.234        1.78234
    0         3        1.36614      0.0136614        191.681        1.91681
    0         3        1.45569      0.0145569        204.312        2.04312
    0         3        1.54635      0.0154635        217.085        2.17085
    0         3        1.64512      0.0164512         230.99         2.3099
    0         3        1.73084      0.0173084        243.034        2.43034
    0         3        1.82415      0.0182415        256.203        2.56203
    0         3        1.91802      0.0191802        269.503        2.69503
    1         0      0.0374951    0.000374951        7.82469      0.0782469
    1         0       0.138592     0.00138592        20.8109       0.208109
    1         0       0.243113     0.00243113        33.8849       0.338849
    1         0       0.342402     0.00342402        46.5594       0.465594
    1         0       0.441486     0.00441486        59.5705       0.595705
    1         0       0.542161     0.00542161        72.8807       0.728807
    1         0       0.635668     0.00635668        85.6579       0.856579
    1         0       0.729148     0.00729148        98.6653       0.986653
    1         0       0.822818     0.00822818        111.895        1.11895
    1         0       0.912121     0.00912121        124.494        1.24494
    1         0        1.00062      0.0100062        137.277        1.37277
    1         0        1.09045      0.0109045        150.241        1.50241
    1         0        1.18289      0.0118289         163.38         1.6338
    1         0        1.27613      0.0127613        176.691        1.76691
    1         0         1.3646       0.013646        189.267        1.89267
    1         0        1.46153      0.0146153        202.901        2.02901
    1         0        1.55317      0.0155317        215.768        2.15768
    1         0        1.64576      0.0164576        228.771        2.28771
    1         0        1.73942      0.0173942        241.909        2.41909
    1         0        1.82705      0.0182705        254.221        2.54221
    1         0        1.92105      0.0192105        267.607        2.67607
    1         0        2.00924      0.0200924        280.148        2.80148
    1         1       0.040517     0.00040517        8.90958      0.0890958
    1         1       0.145883     0.00145883        22.5976       0.225976
    1         1       0.251261     0.00251261        36.3278       0.363278
    1         1       0.355903     0.00355903        50.2057       0.502057
    1         1       0.460257     0.00460257        64.2663       0.642663
    1         1       0.564927     0.00564927        78.5267       0.785267
    1         1       0.670109     0.00670109        92.9954       0.929954
    1         1       0.768648     0.00768648        106.689        1.06689
    1         1       0.866301     0.00866301        120.566        1.20566
    1         1       0.964947     0.00964947        134.625        1.34625
    1         1        1.06468      0.0106468        148.865        1.48865
    1         1        1.15947      0.0115947        162.244        1.62244
    1         1        1.26257      0.0126257        176.822        1.76822
    1         1        1.36036      0.0136036         190.51         1.9051
    1         1        1.46023      0.0146023        204.337        2.04337
    1         1        1.56154      0.0156154        218.306        2.18306
    1         1        1.66405      0.0166405        232.408        2.32408
    1         1        1.76759      0.0176759        246.644        2.46644
    1         1        1.86506      0.0186506        259.893        2.59893
    1         1        1.96964      0.0196964        274.374        2.74374
    1         2      0.0318352    0.000318352        8.26824      0.0826824
    1         2       0.149117     0.00149117        22.9978       0.229978
    1         2        0.25181      0.0025181        36.2417       0.362417
    1         2       0.361761     0.00361761        50.4526       0.504526
    1         2       0.470894     0.00470894        64.8951       0.648951
    1         2        0.57509      0.0057509        78.7635       0.787635
    1         2       0.678355     0.00678355         92.859        0.92859
    1         2       0.775338     0.00775338        106.337        1.06337
    1         2       0.879111     0.00879111        120.878        1.20878
    1         2       0.977337     0.00977337        134.774        1.34774
    1         2        1.07788      0.0107788        148.867        1.48867
    1         2        1.17261      0.0117261        162.258        1.62258
    1         2        1.27587      0.0127587        176.722        1.76722
    1         2        1.37454      0.0137454        190.453        1.90453
    1         2        1.47525      0.0147525         204.35         2.0435
    1         2        1.57733      0.0157733        218.397        2.18397
    1         2         1.6806       0.016806        232.601        2.32601
    1         2        1.78527      0.0178527        246.952        2.46952
    1         2        1.88317      0.0188317        260.482        2.60482
    1         2         1.9818       0.019818        274.136        2.74136
    1         2        2.08776      0.0208776        288.902        2.88902
    1         3      0.0321544    0.000321544        8.50772      0.0850772
    1         3       0.137444     0.00137444        22.5546       0.225546
    1         3       0.239848     0.00239848        36.2362       0.362362
    1         3       0.348695     0.00348695        50.8427       0.508427
    1         3       0.451302     0.00451302        64.8508       0.648508
    1         3       0.548125     0.00548125         78.257        0.78257
    1         3       0.652041     0.00652041        92.7524       0.927524
    1         3       0.748914     0.00748914        106.639        1.06639
    1         3       0.846047     0.00846047        120.762        1.20762
    1         3       0.937424     0.00937424        134.218        1.34218
    1         3        1.03569      0.0103569        148.798        1.48798
    1         3         1.1305       0.011305        162.676        1.62676
    1         3        1.22572      0.0122572        176.752        1.76752
    1         3        1.31654      0.0131654        190.066        1.90066
    1         3        1.41548      0.0141548        204.519        2.04519
    1         3        1.50968      0.0150968        218.177        2.18177
    1         3        1.61179      0.0161179        232.983        2.32983
    1         3        1.70804      0.0170804        246.969        2.46969
    1         3        1.79851      0.0179851         260.09         2.6009
    1         3        1.89605      0.0189605        274.366        2.74366
    1         3         1.9943       0.019943        288.791        2.88791
    2         0      0.0345878    0.000345878        6.80772      0.0680772
    2         0       0.134813     0.00134813        19.9671       0.199671
    2         0       0.233917     0.00233917         32.937        0.32937
    2         0       0.327745     0.00327745        45.4509       0.454509
    2         0       0.426381     0.00426381        58.9975       0.589975
    2         0       0.520109     0.00520109        71.9501       0.719501
    2         0       0.607926     0.00607926        84.2647       0.842647
    2         0       0.701432     0.00701432        97.5837       0.975837
    2         0       0.788675     0.00788675        110.246        1.10246
    2         0       0.883416     0.00883416        123.941        1.23941
    2         0       0.971529     0.00971529        136.957        1.36957
    2         0        1.05445      0.0105445        149.264        1.49264
    2         0        1.14575      0.0114575        162.616        1.62616
    2         0        1.23182      0.0123182        175.233        1.75233
    2         0        1.32565      0.0132565        188.911        1.88911
    2         0        1.41491      0.0141491        201.832        2.01832
    2         0        1.50555      0.0150555        214.892        2.14892
    2         0        1.59095      0.0159095         227.15         2.2715
    2         0        1.68404      0.0168404        240.482        2.40482
    2         0        1.77727      0.0177727        253.948        2.53948
    2         0        1.86427      0.0186427        266.573        2.66573
    2         0        1.95168      0.0195168        279.309        2.79309
    2         1      0.0293235    0.000293235        6.44138      0.0644138
    2         1       0.135556     0.00135556         21.574        0.21574
    2         1       0.245166     0.00245166        36.8505       0.368505
    2         1       0.349122     0.00349122        51.6792       0.516792
    2         1       0.452874     0.00452874        66.9689       0.669689
    2         1       0.550899     0.00550899         81.775        0.81775
    2         1       0.649756     0.00649756        96.9757       0.969757
    2         1       0.741642     0.00741642        111.576        1.11576
    2         1       0.833365     0.00833365        126.511        1.26511
    2         1       0.925868     0.00925868        141.774        1.41774
    2         1        1.01306      0.0101306        156.307        1.56307
    2         1        1.10098      0.0110098        171.117        1.71117
    2         1        1.19094      0.0119094        186.191        1.86191
    2         1        1.28183      0.0128183        201.529        2.01529
    2         1        1.36802      0.0136802            216           2.16
    2         1        1.46242      0.0146242        231.824        2.31824
    2         1        1.55141      0.0155141        246.736        2.46736
    2         1        1.64202      0.0164202        261.852        2.61852
    2         1        1.72552      0.0172552        275.995        2.75995
    2         1         1.8167       0.018167        291.496        2.91496
    2         2      0.0308442    0.000308442        7.46684      0.0746684
    2         2       0.133609     0.00133609        20.6455       0.206455
    2         2       0.234737     0.00234737        33.6719       0.336719
    2         2       0.336937     0.00336937        46.7503       0.467503
    2         2       0.438324     0.00438324        59.9755       0.599755
    2         2       0.533674     0.00533674        72.6038       0.726038
    2         2       0.629389     0.00629389        85.4326       0.854326
    2         2       0.724853     0.00724853        98.4792       0.984792
    2         2       0.821328     0.00821328        111.749        1.11749
    2         2       0.910785     0.00910785        124.398        1.24398
    2         2        1.00246      0.0100246        137.249        1.37249
    2         2         1.0941       0.010941        150.303        1.50303
    2         2        1.18775      0.0118775        163.558        1.63558
    2         2        1.27626      0.0127626        176.104        1.76104
    2         2        1.37322      0.0137322        189.741        1.89741
    2         2        1.46527      0.0146527        202.637        2.02637
    2         2        1.55872      0.0155872        215.699        2.15699
    2         2        1.65443      0.0165443        228.921        2.28921
    2         2        1.74269      0.0174269        241.339        2.41339
    2         2        1.83849      0.0183849        254.863        2.54863
    2         2        1.92792      0.0192792        267.562        2.67562
    2         2        2.01768      0.0201768        280.382        2.80382
    2         3       0.031276     0.00031276        6.81043      0.0681043
    2         3       0.123762     0.00123762        19.2597       0.192597
    2         3       0.226699     0.00226699        32.6687       0.326687
    2         3       0.323103     0.00323103         45.629        0.45629
    2         3        0.42047      0.0042047        58.8925       0.588925
    2         3       0.511552     0.00511552        71.5685       0.715685
    2         3       0.602886     0.00602886        84.4628       0.844628
    2         3       0.693477     0.00693477        97.5707       0.975707
    2         3       0.784437     0.00784437        110.891        1.10891
    2         3       0.870655     0.00870655        123.514        1.23514
    2         3       0.955844     0.00955844         136.32         1.3632
    2         3         1.0418       0.010418        149.306        1.49306
    2         3        1.13062      0.0113062        162.475        1.62475
    2         3        1.21976      0.0121976        175.819        1.75819
    2         3        1.30379      0.0130379        188.367        1.88367
    2         3        1.38918      0.0138918        201.061        2.01061
    2         3        1.48291      0.0148291        214.897        2.14897
    2         3        1.57244      0.0157244        227.889        2.27889
    2         3        1.65478      0.0165478         240.01         2.4001
    2         3        1.74453      0.0174453        253.269        2.53269
    2         3        1.83479      0.0183479        266.667        2.66667
    3         0       0.034886     0.00034886        6.93767      0.0693767
    3         0       0.116996     0.00116996        17.6774       0.176774
    3         0       0.204175     0.00204175        28.9617       0.289617
    3         0        0.28766      0.0028766        39.7726       0.397726
    3         0       0.371945     0.00371945        50.7689       0.507689
    3         0       0.456725     0.00456725        61.9445       0.619445
    3         0       0.535867     0.00535867        72.6584       0.726584
    3         0       0.615845     0.00615845         83.525        0.83525
    3         0       0.695499     0.00695499        94.5429       0.945429
    3         0       0.774991     0.00774991        105.714        1.05714
    3         0       0.850677     0.00850677        116.365        1.16365
    3         0         0.9304       0.009304        127.831        1.27831
    3         0        1.00668      0.0100668        138.761        1.38761
    3         0        1.08355      0.0108355        149.822        1.49822
    3         0         1.1564       0.011564        160.315        1.60315
    3         0        1.23563      0.0123563        171.629        1.71629
    3         0        1.31055      0.0131055        182.356        1.82356
    3         0        1.39254      0.0139254        193.916        1.93916
    3         0        1.47018      0.0147018         204.87         2.0487
    3         0        1.54804      0.0154804        215.933        2.15933
    3         0         1.6215       0.016215        226.348        2.26348
    3         1      0.0362631    0.000362631        6.64947      0.0664947
    3         1       0.129082     0.00129082        18.7667       0.187667
    3         1       0.220448     0.00220448        30.4736       0.304736
    3         1       0.317182     0.00317182         42.876        0.42876
    3         1       0.408983     0.00408983        54.6056       0.546056
    3         1       0.500828     0.00500828        66.5325       0.665325
    3         1       0.592366     0.00592366        78.7086       0.787086
    3         1       0.677554     0.00677554         90.325        0.90325
    3         1       0.763377     0.00763377        102.196        1.02196
    3         1       0.849254     0.00849254        114.329        1.14329
    3         1       0.934979     0.00934979        126.723        1.26723
    3         1         1.0156       0.010156        138.467        1.38467
    3         1        1.09737      0.0109737        150.433        1.50433
    3         1         1.1801       0.011801        162.619        1.62619
    3         1        1.25784      0.0125784         174.06         1.7406
    3         1        1.34366      0.0134366        186.657        1.86657
    3         1        1.42408      0.0142408        198.466        1.98466
    3         1        1.50512      0.0150512        210.453        2.10453
    3         1          1.587        0.01587        222.605        2.22605
    3         1         1.6709       0.016709         234.93         2.3493
    3         1        1.74762      0.0174762        246.366        2.46366
    3         2        0.03616      0.0003616        9.89197      0.0989197
    3         2       0.104156     0.00104156        22.3904       0.223904
    3         2       0.174751     0.00174751        35.4588       0.354588
    3         2       0.247238     0.00247238         48.521        0.48521
    3         2       0.318288     0.00318288         61.736        0.61736
    3         2       0.386231     0.00386231        74.2835       0.742835
    3         2        0.45278      0.0045278        87.0773       0.870773
    3         2       0.520001     0.00520001        100.143        1.00143
    3         2       0.587311     0.00587311        113.493        1.13493
    3         2       0.650013     0.00650013         126.15         1.2615
    3         2       0.712148     0.00712148        139.063        1.39063
    3         2       0.774175     0.00774175        152.233        1.52233
    3         2       0.836963     0.00836963        165.655        1.65655
    3         2       0.895212     0.00895212        178.267        1.78267
    3         2       0.952967     0.00952967        191.093        1.91093
    3         2        1.01135      0.0101135         204.13         2.0413
    3         2        1.07032      0.0107032        217.368        2.17368
    3         2        1.13049      0.0113049        230.817        2.30817
    3         2        1.18522      0.0118522        243.317        2.43317
    3         2        1.24123      0.0124123        255.974        2.55974
    3         2        1.30252      0.0130252        269.977        2.69977
    3         3       0.024153     0.00024153        5.05149      0.0505149
    3         3       0.132649     0.00132649        19.5314       0.195314
    3         3        0.23685      0.0023685        33.2929       0.332929
    3         3       0.343594     0.00343594        47.1082       0.471082
    3         3       0.449494     0.00449494        61.0705       0.610705
    3         3       0.555496     0.00555496        75.2313       0.752313
    3         3       0.661374     0.00661374         89.631        0.89631
    3         3       0.761115     0.00761115        103.307        1.03307
    3         3       0.860834     0.00860834        117.227        1.17227
    3         3       0.960446     0.00960446        131.402        1.31402
    3         3        1.06126      0.0106126        145.832        1.45832
    3         3         1.1569       0.011569        159.463        1.59463
    3         3        1.25414      0.0125414        173.316        1.73316
    3         3        1.35397      0.0135397        187.388        1.87388
    3         3        1.45495      0.0145495        201.681        2.01681
    3         3        1.54945      0.0154945        215.066        2.15066
    3         3        1.65325      0.0165325        229.769        2.29769
    3         3        1.74993      0.0174993        243.523        2.43523
    3         3         1.8476       0.018476        257.453        2.57453
    3         3        1.94554      0.0194554        271.555        2.71555
    3         3         2.0438       0.020438        285.832        2.85832
    4         0      0.0210563    0.000210563        4.80099      0.0480099
    4         0       0.106076     0.00106076        17.4659       0.174659
    4         0       0.200686     0.00200686        30.5709       0.305709
    4         0       0.295631     0.00295631        43.6851       0.436851
    4         0       0.389706     0.00389706        56.9154       0.569154
    4         0       0.479128     0.00479128        69.4995       0.694995
    4         0       0.567962     0.00567962        82.2314       0.822314
    4         0       0.662508     0.00662508         95.941        0.95941
    4         0       0.746263     0.00746263        108.205        1.08205
    4         0       0.834449     0.00834449        121.467        1.21467
    4         0       0.924201     0.00924201        134.922        1.34922
    4         0        1.00812      0.0100812        147.713        1.47713
    4         0        1.09297      0.0109297        160.679        1.60679
    4         0        1.17966      0.0117966        173.817        1.73817
    4         0        1.26132      0.0126132        186.234        1.86234
    4         0        1.35103      0.0135103        199.703        1.99703
    4         0        1.43551      0.0143551        212.428        2.12428
    4         0         1.5211       0.015211        225.296        2.25296
    4         0        1.60763      0.0160763        238.308        2.38308
    4         0        1.69561      0.0169561         251.46         2.5146
    4         0          1.783        0.01783         264.75         2.6475
    4         0        1.86571      0.0186571        277.212        2.77212
    4         1      0.0271973    0.000271973        5.97599      0.0597599
    4         1       0.110461     0.00110461        18.2767       0.182767
    4         1       0.210806     0.00210806        31.6465       0.316465
    4         1       0.304497     0.00304497        44.2433       0.442433
    4         1       0.399037     0.00399037        57.1424       0.571424
    4         1       0.493419     0.00493419        70.3549       0.703549
    4         1       0.586936     0.00586936        83.8688       0.838688
    4         1       0.674934     0.00674934         96.743        0.96743
    4         1       0.762656     0.00762656         109.86         1.0986
    4         1       0.844009     0.00844009        122.249        1.22249
    4         1       0.932368     0.00932368        135.811        1.35811
    4         1        1.01497      0.0101497        148.602        1.48602
    4         1        1.09721      0.0109721        161.579        1.61579
    4         1        1.18196      0.0118196        174.736        1.74736
    4         1        1.26093      0.0126093        187.039        1.87039
    4         1        1.34836      0.0134836        200.525        2.00525
    4         1        1.43054      0.0143054        213.123        2.13123
    4         1        1.51953      0.0151953        226.921        2.26921
    4         1         1.6038       0.016038          239.8          2.398
    4         1        1.68757      0.0168757        252.802        2.52802
    4         1        1.77318      0.0177318        265.928        2.65928
    4         2      0.0280832    0.000280832        5.93859      0.0593859
    4         2       0.113954     0.00113954        17.3327       0.173327
    4         2       0.216072     0.00216072        29.9391       0.299391
    4         2       0.313662     0.00313662        41.6857       0.416857
    4         2       0.409663     0.00409663        53.6047       0.536047
    4         2       0.506826     0.00506826        65.7421       0.657421
    4         2       0.596751     0.00596751        77.2746       0.772746
    4         2       0.692801     0.00692801        89.8534       0.898534
    4         2       0.783766     0.00783766          101.8          1.018
    4         2       0.873366     0.00873366        113.944        1.13944
    4         2       0.957851     0.00957851        125.396        1.25396
    4         2        1.04951      0.0104951        137.918        1.37918
    4         2        1.13475      0.0113475        149.717        1.49717
    4         2        1.22294      0.0122294         161.68         1.6168
    4         2        1.31152      0.0131152        173.804        1.73804
    4         2        1.39558      0.0139558        185.133        1.85133
    4         2        1.48788      0.0148788        197.554        1.97554
    4         2        1.57324      0.0157324        209.156        2.09156
    4         2         1.6668       0.016668        221.868        2.21868
    4         2        1.75532      0.0175532        233.736        2.33736
    4         2        1.84264      0.0184264        245.719        2.45719
    4         3      0.0280486    0.000280486        5.98327      0.0598327
    4         3       0.109914     0.00109914        17.2688       0.172688
    4         3       0.208574     0.00208574        29.9136       0.299136
    4         3       0.300043     0.00300043        41.7165       0.417165
    4         3       0.391566     0.00391566        53.6494       0.536494
    4         3       0.484172     0.00484172        65.7539       0.657539
    4         3       0.569866     0.00569866        77.2206       0.772206
    4         3       0.661992     0.00661992        89.6978       0.896978
    4         3       0.747033     0.00747033        101.528        1.01528
    4         3       0.833355     0.00833355        113.542        1.13542
    4         3       0.919232     0.00919232        125.741        1.25741
    4         3       0.999919     0.00999919        137.234        1.37234
    4         3        1.08646      0.0108646         149.79         1.4979
    4         3        1.16941      0.0116941        161.614        1.61614
    4         3        1.25313      0.0125313        173.594        1.73594
    4         3        1.33862      0.0133862        185.734        1.85734
    4         3        1.41799      0.0141799        197.072        1.97072
    4         3        1.50594      0.0150594        209.498        2.09498
    4         3        1.58755      0.0158755        221.102        2.21102
    4         3        1.67636      0.0167636        233.818        2.33818
    4         3        1.76024      0.0176024         245.68         2.4568
    4         3        1.84309      0.0184309        257.665        2.57665
    5         0      0.0220004    0.000220004         5.0871       0.050871
    5         0       0.127794     0.00127794        19.2798       0.192798
    5         0       0.237816     0.00237816        33.2281       0.332281
    5         0       0.348914     0.00348914        47.4154       0.474154
    5         0       0.459321     0.00459321         61.953        0.61953
    5         0       0.562968     0.00562968        75.8922       0.758922
    5         0       0.659627     0.00659627        89.1634       0.891634
    5         0       0.763365     0.00763365        103.655        1.03655
    5         0       0.860076     0.00860076        117.432        1.17432
    5         0       0.957281     0.00957281        131.444        1.31444
    5         0         1.0553       0.010553        145.688        1.45688
    5         0        1.14774      0.0114774        159.118        1.59118
    5         0         1.2493       0.012493        173.795        1.73795
    5         0        1.34474      0.0134474        187.615        1.87615
    5         0        1.44299      0.0144299        201.618        2.01618
    5         0        1.54225      0.0154225        215.803        2.15803
    5         0        1.63415      0.0163415        229.047        2.29047
    5         0        1.73593      0.0173593        243.557        2.43557
    5         0        1.83013      0.0183013        257.099        2.57099
    5         0        1.93203      0.0193203        271.926        2.71926
    5         0        2.02741      0.0202741        285.746        2.85746
    5         1      0.0256448    0.000256448        4.48653      0.0448653
    5         1        0.13455      0.0013455        17.6329       0.176329
    5         1       0.248613     0.00248613        30.1703       0.301703
    5         1       0.371614     0.00371614        43.6913       0.436913
    5         1       0.485916     0.00485916        56.6636       0.566636
    5         1       0.601199     0.00601199        69.9192       0.699192
    5         1       0.707877     0.00707877        82.5366       0.825366
    5         1       0.815557     0.00815557        95.3859       0.953859
    5         1       0.922426     0.00922426        108.466        1.08466
    5         1         1.0311       0.010311         121.77         1.2177
    5         1        1.13259      0.0113259        134.327        1.34327
    5         1        1.23709      0.0123709        147.075        1.47075
    5         1        1.34343      0.0134343         160.01         1.6001
    5         1        1.45112      0.0145112         173.13         1.7313
    5         1        1.56181      0.0156181        186.436        1.86436
    5         1         1.6727       0.016727        199.917        1.99917
    5         1        1.77579      0.0177579        212.517        2.12517
    5         1        1.88064      0.0188064        225.265        2.25265
    5         1        1.98541      0.0198541        238.154        2.38154
    5         1        2.08965      0.0208965        251.183        2.51183
    5         1        2.19457      0.0219457        264.352        2.64352
    5         1        2.30031      0.0230031         277.66         2.7766
    5         2      0.0293424    0.000293424        5.55478      0.0555478
    5         2       0.138606     0.00138606        17.6869       0.176869
    5         2       0.251514     0.00251514        29.9885       0.299885
    5         2       0.364709     0.00364709        41.9842       0.419842
    5         2       0.479289     0.00479289        53.9435       0.539435
    5         2       0.585087     0.00585087        65.2724       0.652724
    5         2        0.69848      0.0069848        77.5712       0.775712
    5         2       0.805147     0.00805147        89.3434       0.893434
    5         2       0.911236     0.00911236        101.372        1.01372
    5         2        1.01938      0.0101938        113.666        1.13666
    5         2        1.12041      0.0112041        125.379        1.25379
    5         2        1.22361      0.0122361        137.327        1.37327
    5         2        1.33006      0.0133006          149.5          1.495
    5         2         1.4379       0.014379          161.9          1.619
    5         2        1.53919      0.0153919        173.612        1.73612
    5         2        1.64269      0.0164269        185.513        1.85513
    5         2        1.74719      0.0174719         197.59         1.9759
    5         2        1.85134      0.0185134        209.854        2.09854
    5         2        1.94852      0.0194852        221.325        2.21325
    5         2        2.05413      0.0205413        233.916        2.33916
    5         2        2.15254      0.0215254        245.694        2.45694
    5         3      0.0347008    0.000347008        4.39837      0.0439837
    5         3       0.176091     0.00176091        16.5195       0.165195
    5         3       0.325747     0.00325747        28.4542       0.284542
    5         3       0.476724     0.00476724         40.253        0.40253
    5         3       0.636179     0.00636179        52.8112       0.528112
    5         3        0.78654      0.0078654        64.6182       0.646182
    5         3       0.936286     0.00936286        76.5033       0.765033
    5         3        1.08795      0.0108795        88.4996       0.884996
    5         3        1.24426      0.0124426        100.631        1.00631
    5         3        1.40538      0.0140538        112.914        1.12914
    5         3        1.55898      0.0155898         124.53         1.2453
    5         3        1.71555      0.0171555        136.295        1.36295
    5         3        1.87356      0.0187356        148.216        1.48216
    5         3        2.03273      0.0203273        160.296        1.60296
    5         3        2.19276      0.0219276        172.539        1.72539
    5         3        2.35297      0.0235297        184.942        1.84942
    5         3        2.50183      0.0250183        196.601        1.96601
    5         3        2.65172      0.0265172        208.398        2.08398
    5         3        2.80056      0.0280056        220.335        2.20335
    5         3        2.94955      0.0294955        232.401        2.32401
    5         3        3.09858      0.0309858        244.607        2.44607
    6         0      0.0241271    0.000241271        5.92701      0.0592701
    6         0       0.108361     0.00108361        18.4436       0.184436
    6         0       0.201287     0.00201287        31.3972       0.313972
    6         0       0.295311     0.00295311        44.2517       0.442517
    6         0       0.388774     0.00388774        57.2118       0.572118
    6         0       0.482868     0.00482868        70.3447       0.703447
    6         0       0.576257     0.00576257        83.6871       0.836871
    6         0       0.664173     0.00664173        96.4075       0.964075
    6         0       0.752371     0.00752371        109.343        1.09343
    6         0       0.839711     0.00839711        122.505        1.22505
    6         0       0.928413     0.00928413        135.893        1.35893
    6         0        1.01041      0.0101041        148.596        1.48596
    6         0        1.09449      0.0109449          161.5          1.615
    6         0        1.17871      0.0117871        174.598        1.74598
    6         0        1.26566      0.0126566        187.897        1.87897
    6         0        1.34639      0.0134639        200.413        2.00413
    6         0        1.42976      0.0142976        213.097        2.13097
    6         0        1.51969      0.0151969        226.931        2.26931
    6         0        1.60493      0.0160493        239.949        2.39949
    6         0        1.68304      0.0168304        252.093        2.52093
    6         0        1.76972      0.0176972        265.398        2.65398
    6         1      0.0367142    0.000367142        6.92958      0.0692958
    6         1       0.133632     0.00133632        19.7909       0.197909
    6         1       0.234299     0.00234299        32.9722       0.329722
    6         1       0.329345     0.00329345        45.5312       0.455312
    6         1       0.424765     0.00424765        58.2705       0.582705
    6         1       0.519924     0.00519924        71.1997       0.711997
    6         1       0.614979     0.00614979        84.3308       0.843308
    6         1       0.710282     0.00710282        97.6744       0.976744
    6         1       0.799239     0.00799239        110.385        1.10385
    6         1       0.889031     0.00889031        123.294        1.23294
    6         1       0.978462     0.00978462        136.409        1.36409
    6         1        1.06969      0.0106969        149.727        1.49727
    6         1        1.15477      0.0115477        162.337        1.62337
    6         1        1.24238      0.0124238        175.128        1.75128
    6         1         1.3314       0.013314        188.093        1.88093
    6         1        1.42138      0.0142138        201.227        2.01227
    6         1        1.51388      0.0151388        214.534        2.14534
    6         1        1.59945      0.0159945        227.039        2.27039
    6         1        1.69324      0.0169324        240.669        2.40669
    6         1        1.78105      0.0178105        253.466        2.53466
    6         1         1.8685       0.018685        266.406        2.66406
    6         1        1.95781      0.0195781        279.477        2.79477
    6         2      0.0248703    0.000248703        5.33077      0.0533077
    6         2       0.101878     0.00101878         16.753        0.16753
    6         2       0.181645     0.00181645        27.9266       0.279266
    6         2       0.260573     0.00260573        38.7052       0.387052
    6         2       0.340836     0.00340836        49.4094       0.494094
    6         2       0.425134     0.00425134        60.8434       0.608434
    6         2       0.505063     0.00505063        71.8339       0.718339
    6         2       0.580469     0.00580469        82.3981       0.823981
    6         2       0.660076     0.00660076         93.892        0.93892
    6         2       0.735008     0.00735008        104.982        1.04982
    6         2       0.805909     0.00805909         115.63         1.1563
    6         2       0.875515     0.00875515        126.527        1.26527
    6         2       0.946734     0.00946734        137.679        1.37679
    6         2        1.01335      0.0101335        148.319        1.48319
    6         2        1.08542      0.0108542        159.966        1.59966
    6         2        1.14756      0.0114756        170.266        1.70266
    6         2        1.21665      0.0121665        181.576        1.81576
    6         2        1.28166      0.0128166        192.271        1.92271
    6         2        1.34652      0.0134652        203.158        2.03158
    6         2        1.41338      0.0141338        214.232        2.14232
    6         2         1.4796       0.014796        225.486        2.25486
    6         2        1.54745      0.0154745         236.93         2.3693
    6         3      0.0251114    0.000251114        5.70717      0.0570717
    6         3       0.102122     0.00102122        17.3515       0.173515
    6         3       0.189379     0.00189379        29.3006       0.293006
    6         3       0.275231     0.00275231        41.2239       0.412239
    6         3       0.362692     0.00362692        53.3147       0.533147
    6         3       0.448868     0.00448868         65.589        0.65589
    6         3       0.530261     0.00530261        77.2114       0.772114
    6         3       0.616867     0.00616867        89.8395       0.898395
    6         3       0.697786     0.00697786        101.793        1.01793
    6         3       0.779288     0.00779288        113.908        1.13908
    6         3       0.853517     0.00853517        125.302        1.25302
    6         3       0.935541     0.00935541         137.73         1.3773
    6         3        1.01137      0.0101137        149.412        1.49412
    6         3        1.08762      0.0108762        161.236        1.61236
    6         3        1.16577      0.0116577        173.193        1.73193
    6         3        1.24398      0.0124398        185.281        1.85281
    6         3        1.32469      0.0132469        197.509        1.97509
    6         3        1.40598      0.0140598        209.859        2.09859
    6         3        1.48232      0.0148232        221.381        2.21381
    6         3          1.565        0.01565        233.977        2.33977
    6         3        1.64316      0.0164316        245.716        2.45716
    7         0      0.0261184    0.000261184        7.34643      0.0734643
    7         0        0.10345      0.0010345        18.2205       0.182205
    7         0       0.191436     0.00191436        29.9562       0.299562
    7         0       0.272535     0.00272535        40.7655       0.407655
    7         0       0.355153     0.00355153        51.5793       0.515793
    7         0       0.436626     0.00436626        62.4588       0.624588
    7         0       0.519035     0.00519035        73.4401       0.734401
    7         0       0.600987     0.00600987        84.5433       0.845433
    7         0       0.682593     0.00682593        95.7839       0.957839
    7         0       0.759309     0.00759309        106.351        1.06351
    7         0       0.840346     0.00840346        117.877        1.17877
    7         0       0.917309     0.00917309        128.718        1.28718
    7         0       0.994292     0.00994292        139.693        1.39693
    7         0        1.07117      0.0107117        150.803        1.50803
    7         0        1.14382      0.0114382        161.176        1.61176
    7         0        1.22303      0.0122303        172.544        1.72544
    7         0        1.29816      0.0129816        183.156        1.83156
    7         0        1.37939      0.0137939        194.781        1.94781
    7         0        1.45676      0.0145676        205.629        2.05629
    7         0        1.53482      0.0153482        216.587        2.16587
    7         0        1.61259      0.0161259        227.652        2.27652
    7         1      0.0286338    0.000286338        5.68235      0.0568235
    7         1       0.105788     0.00105788         16.446        0.16446
    7         1       0.192386     0.00192386        27.3496       0.273496
    7         1        0.28388      0.0028388        38.7984       0.387984
    7         1       0.370898     0.00370898         49.655        0.49655
    7         1       0.456651     0.00456651        60.6884       0.606884
    7         1       0.543707     0.00543707        71.9123       0.719123
    7         1       0.624018     0.00624018        82.5633       0.825633
    7         1       0.704937     0.00704937        93.3848       0.933848
    7         1          0.786        0.00786        104.378        1.04378
    7         1       0.866082     0.00866082        115.542        1.15542
    7         1       0.947485     0.00947485        126.876        1.26876
    7         1        1.02371      0.0102371        137.552        1.37552
    7         1        1.09933      0.0109933        148.372        1.48372
    7         1         1.1774       0.011774        159.337        1.59337
    7         1        1.25574      0.0125574        170.439        1.70439
    7         1        1.33618      0.0133618        181.681        1.81681
    7         1        1.41067      0.0141067        192.184        1.92184
    7         1        1.49328      0.0149328        203.686        2.03686
    7         1        1.56926      0.0156926        214.421        2.14421
    7         1        1.64717      0.0164717        225.268        2.25268
    7         1        1.72435      0.0172435        236.225        2.36225
    7         2      0.0257929    0.000257929        5.32871      0.0532871
    7         2      0.0977953    0.000977953        15.7717       0.157717
    7         2       0.173816     0.00173816        25.7933       0.257933
    7         2       0.250207     0.00250207        35.5812       0.355812
    7         2       0.330587     0.00330587        45.9446       0.459446
    7         2       0.407202     0.00407202         55.742        0.55742
    7         2       0.483655     0.00483655        65.6235       0.656235
    7         2       0.559377     0.00559377        75.6127       0.756127
    7         2       0.635929     0.00635929        85.7285       0.857285
    7         2       0.712018     0.00712018        95.9819       0.959819
    7         2       0.783409     0.00783409        105.726        1.05726
    7         2       0.855183     0.00855183        115.604        1.15604
    7         2       0.926345     0.00926345        125.616        1.25616
    7         2       0.998702     0.00998702        135.767        1.35767
    7         2         1.0668       0.010668        145.366        1.45366
    7         2        1.13922      0.0113922        155.783        1.55783
    7         2        1.20952      0.0120952        165.631        1.65631
    7         2        1.28043      0.0128043          175.6          1.756
    7         2        1.35145      0.0135145        185.684        1.85684
    7         2        1.42437      0.0142437        195.888        1.95888
    7         2        1.49243      0.0149243        205.464        2.05464
    7         2        1.56601      0.0156601        215.888        2.15888
    7         3      0.0238509    0.000238509        7.16729      0.0716729
    7         3       0.110127     0.00110127        18.4083       0.184083
    7         3       0.200002     0.00200002        29.8819       0.298819
    7         3       0.284882     0.00284882        40.6065       0.406065
    7         3       0.369517     0.00369517        51.4332       0.514332
    7         3       0.454237     0.00454237        62.3909       0.623909
    7         3       0.538308     0.00538308        73.4933       0.734933
    7         3       0.623263     0.00623263        84.7457       0.847457
    7         3       0.702032     0.00702032        95.3302       0.953302
    7         3       0.786507     0.00786507        106.876        1.06876
    7         3       0.865569     0.00865569        117.733        1.17733
    7         3       0.943814     0.00943814        128.718        1.28718
    7         3        1.02408      0.0102408        139.831        1.39831
    7         3        1.09714      0.0109714        150.204        1.50204
    7         3        1.17906      0.0117906        161.555        1.61555
    7         3        1.25536      0.0125536        172.145        1.72145
    7         3        1.33975      0.0133975        183.731        1.83731
    7         3        1.41808      0.0141808        194.529        1.94529
    7         3        1.49838      0.0149838        205.425        2.05425
    7         3        1.57818      0.0157818        216.415        2.16415
    7         3         1.6602       0.016602        227.501        2.27501
    7         3        1.74162      0.0174162        238.675        2.38675
    8         0      0.0347157    0.000347157        5.10964      0.0510964
    8         0      0.0989101    0.000989101          15.55         0.1555
    8         0       0.168043     0.00168043         25.714        0.25714
    8         0       0.238712     0.00238712        35.6262       0.356262
    8         0       0.310864     0.00310864        45.5105       0.455105
    8         0       0.382539     0.00382539        55.4585       0.554585
    8         0       0.454355     0.00454355        65.5196       0.655196
    8         0       0.526652     0.00526652        75.7223       0.757223
    8         0       0.593699     0.00593699         85.341        0.85341
    8         0       0.666058     0.00666058        95.8661       0.958661
    8         0       0.732493     0.00732493        105.802        1.05802
    8         0       0.799335     0.00799335        115.897        1.15897
    8         0       0.861413     0.00861413        125.359        1.25359
    8         0       0.929087     0.00929087        135.768        1.35768
    8         0       0.991927     0.00991927        145.519        1.45519
    8         0        1.05487      0.0105487         155.41         1.5541
    8         0        1.11823      0.0111823        165.436        1.65436
    8         0        1.18315      0.0118315        175.599        1.75599
    8         0          1.249        0.01249        185.894        1.85894
    8         0         1.3096       0.013096        195.444        1.95444
    8         0        1.37675      0.0137675        205.989        2.05989
    8         0        1.43963      0.0143963        215.771        2.15771
    8         1      0.0312082    0.000312082        5.65841      0.0565841
    8         1      0.0992153    0.000992153        15.9654       0.159654
    8         1       0.167222     0.00167222        25.3795       0.253795
    8         1       0.245692     0.00245692        35.6784       0.356784
    8         1       0.324159     0.00324159         45.737        0.45737
    8         1       0.402759     0.00402759        55.7709       0.557709
    8         1       0.480474     0.00480474        65.8933       0.658933
    8         1       0.553791     0.00553791        75.4749       0.754749
    8         1       0.632278     0.00632278        85.9149       0.859149
    8         1        0.70559      0.0070559        95.8363       0.958363
    8         1       0.779063     0.00779063        105.937        1.05937
    8         1       0.846226     0.00846226        115.481        1.15481
    8         1       0.920148     0.00920148        125.935        1.25935
    8         1       0.989081     0.00989081        135.806        1.35806
    8         1        1.05863      0.0105863        145.835        1.45835
    8         1        1.12264      0.0112264        155.229        1.55229
    8         1        1.19391      0.0119391        165.555        1.65555
    8         1         1.2606       0.012606        175.218        1.75218
    8         1        1.33398      0.0133398        185.829        1.85829
    8         1        1.40182      0.0140182        195.756        1.95756
    8         1        1.47142      0.0147142        205.803        2.05803
    8         2      0.0282881    0.000282881        4.28587      0.0428587
    8         2      0.0826414    0.000826414        12.9461       0.129461
    8         2       0.136995     0.00136995        20.6369       0.206369
    8         2       0.196872     0.00196872        28.7581       0.287581
    8         2       0.257404     0.00257404        36.8206       0.368206
    8         2       0.317293     0.00317293        44.8659       0.448659
    8         2       0.377115     0.00377115        52.9122       0.529122
    8         2       0.437587     0.00437587        60.9724       0.609724
    8         2       0.493563     0.00493563        68.4353       0.684353
    8         2       0.553055     0.00553055        76.5536       0.765536
    8         2       0.613858     0.00613858        84.7147       0.847147
    8         2       0.674262     0.00674262        92.9261       0.929261
    8         2       0.730339     0.00730339        100.555        1.00555
    8         2       0.789965     0.00789965        108.877        1.08877
    8         2        0.84596      0.0084596        116.618        1.16618
    8         2         0.9022       0.009022        124.414        1.24414
    8         2       0.963574     0.00963574        132.927        1.32927
    8         2        1.01955      0.0101955        140.848        1.40848
    8         2        1.07682      0.0107682        148.831        1.48831
    8         2        1.13477      0.0113477        156.878        1.56878
    8         2         1.1933       0.011933        164.986        1.64986
    8         2        1.24678      0.0124678        172.474        1.72474
    8         3      0.0338256    0.000338256        7.57293      0.0757293
    8         3      0.0972547    0.000972547        16.9451       0.169451
    8         3       0.160651     0.00160651        25.8299       0.258299
    8         3       0.225159     0.00225159        34.6049       0.346049
    8         3       0.293555     0.00293555        43.9046       0.439046
    8         3       0.358565     0.00358565        52.6735       0.526735
    8         3       0.422922     0.00422922        61.4804       0.614804
    8         3        0.49149      0.0049149        70.8928       0.708928
    8         3       0.556712     0.00556712        79.8133       0.798133
    8         3       0.620817     0.00620817        88.7978       0.887978
    8         3       0.685442     0.00685442        97.8518       0.978518
    8         3       0.750144     0.00750144        106.978        1.06978
    8         3       0.810142     0.00810142        115.601        1.15601
    8         3        0.87532      0.0087532        124.873        1.24873
    8         3       0.936531     0.00936531        133.634        1.33634
    8         3       0.996954     0.00996954        142.461        1.42461
    8         3        1.06326      0.0106326        151.954        1.51954
    8         3        1.12547      0.0112547         160.92         1.6092
    8         3        1.18847      0.0118847        169.954        1.69954
    8         3         1.2485       0.012485        178.448        1.78448
    8         3        1.31275      0.0131275        187.609        1.87609
    9         0       0.017921     0.00017921        7.45149      0.0745149
    9         0      0.0939088    0.000939088         17.936        0.17936
    9         0       0.169425     0.00169425        27.7184       0.277184
    9         0       0.242279     0.00242279          37.98         0.3798
    9         0       0.312061     0.00312061        47.6329       0.476329
    9         0       0.386457     0.00386457        57.9356       0.579356
    9         0       0.455353     0.00455353        67.7004       0.677004
    9         0       0.525534     0.00525534        77.5447       0.775447
    9         0       0.595508     0.00595508        87.4771       0.874771
    9         0       0.665609     0.00665609        97.5018       0.975018
    9         0       0.734658     0.00734658        107.625        1.07625
    9         0       0.804932     0.00804932        117.847        1.17847
    9         0       0.870748     0.00870748        127.521        1.27521
    9         0       0.941518     0.00941518        137.938        1.37938
    9         0        1.00772      0.0100772        147.796        1.47796
    9         0        1.07424      0.0107424         157.74         1.5774
    9         0        1.14233      0.0114233        167.775        1.67775
    9         0        1.21133      0.0121133        177.899        1.77899
    9         0        1.27637      0.0127637        187.423        1.87423
    9         0        1.34677      0.0134677        197.708        1.97708
    9         0        1.41399      0.0141399         207.39         2.0739
    9         1      0.0337954    0.000337954        7.87509      0.0787509
    9         1      0.0988243    0.000988243         17.844        0.17844
    9         1       0.168171     0.00168171        27.8657       0.278657
    9         1       0.238355     0.00238355        37.7982       0.377982
    9         1       0.308897     0.00308897        47.7502       0.477502
    9         1       0.378794     0.00378794        57.7618       0.577618
    9         1       0.449453     0.00449453        67.8498       0.678498
    9         1        0.51576      0.0051576        77.3856       0.773856
    9         1       0.586672     0.00586672         87.646        0.87646
    9         1       0.656359     0.00656359        97.9996       0.979996
    9         1        0.72279      0.0072279        107.794        1.07794
    9         1       0.789179     0.00789179         117.67         1.1767
    9         1         0.8556       0.008556        127.632        1.27632
    9         1       0.921824     0.00921824        137.678        1.37678
    9         1       0.988761     0.00988761        147.805        1.47805
    9         1        1.05194      0.0105194        157.334        1.57334
    9         1         1.1205       0.011205        167.617        1.67617
    9         1        1.18889      0.0118889        177.982        1.77982
    9         1        1.25468      0.0125468        187.728        1.87728
    9         1        1.32134      0.0132134        197.539        1.97539
    9         1        1.38873      0.0138873        207.416        2.07416
    9         1        1.45636      0.0145636        217.358        2.17358
    9         2      0.0260341    0.000260341        7.46007      0.0746007
    9         2       0.101506     0.00101506        17.7704       0.177704
    9         2       0.176512     0.00176512        27.4858       0.274858
    9         2       0.254008     0.00254008        37.8476       0.378476
    9         2       0.326964     0.00326964        47.5769       0.475769
    9         2       0.400102     0.00400102        57.3984       0.573984
    9         2       0.472611     0.00472611        67.3256       0.673256
    9         2       0.545546     0.00545546        77.3667       0.773667
    9         2       0.618712     0.00618712        87.5234       0.875234
    9         2       0.692029     0.00692029        97.7981       0.977981
    9         2       0.759617     0.00759617        107.444        1.07444
    9         2       0.832452     0.00832452        117.945        1.17945
    9         2       0.900949     0.00900949          127.8          1.278
    9         2       0.969507     0.00969507        137.752        1.37752
    9         2        1.03872      0.0103872        147.803        1.47803
    9         2        1.10768      0.0110768        157.948        1.57948
    9         2        1.17335      0.0117335        167.397        1.67397
    9         2        1.24524      0.0124524        177.724        1.77724
    9         2        1.31193      0.0131193        187.332        1.87332
    9         2        1.38588      0.0138588        197.829        1.97829
    9         2        1.45519      0.0145519        207.598        2.07598
    9         2        1.52504      0.0152504         217.44         2.1744
    9         3       0.030139     0.00030139        6.66184      0.0666184
    9         3      0.0934147    0.000934147        15.6842       0.156842
    9         3       0.161334     0.00161334        24.5408       0.245408
    9         3       0.234903     0.00234903        33.8178       0.338178
    9         3       0.302664     0.00302664        42.4255       0.424255
    9         3       0.376382     0.00376382        51.6561       0.516561
    9         3       0.449949     0.00449949        60.9264       0.609264
    9         3       0.517678     0.00517678        69.6311       0.696311
    9         3       0.586648     0.00586648        78.3968       0.783968
    9         3       0.660011     0.00660011        87.8632       0.878632
    9         3       0.728122     0.00728122        96.7718       0.967718
    9         3       0.797041     0.00797041        105.754        1.05754
    9         3       0.865203     0.00865203        114.815        1.14815
    9         3       0.934095     0.00934095        123.951        1.23951
    9         3       0.998943     0.00998943        132.505        1.32505
    9         3         1.0683       0.010683        141.792        1.41792
    9         3        1.13415      0.0113415        150.488        1.50488
    9         3         1.2056       0.012056        159.925        1.59925
    9         3        1.27315      0.0127315        168.762        1.68762
    9         3        1.34214      0.0134214        177.659        1.77659
   10         0      0.0276416    0.000276416        3.62955      0.0362955
   10         0      0.0904132    0.000904132         13.383        0.13383
   10         0       0.163609     0.00163609        23.4606       0.234606
   10         0        0.24121      0.0024121        33.9894       0.339894
   10         0       0.314688     0.00314688        43.7817       0.437817
   10         0       0.388364     0.00388364        53.5401       0.535401
   10         0       0.466852     0.00466852        63.9461       0.639461
   10         0       0.540675     0.00540675        73.7268       0.737268
   10         0       0.613569     0.00613569        83.5532       0.835532
   10         0       0.687344     0.00687344         93.442        0.93442
   10         0       0.761246     0.00761246        103.406        1.03406
   10         0       0.834836     0.00834836        113.453        1.13453
   10         0       0.909033     0.00909033        123.595        1.23595
   10         0       0.983408     0.00983408        133.835        1.33835
   10         0        1.05296      0.0105296        143.486        1.43486
   10         0        1.12883      0.0112883        153.926        1.53926
   10         0        1.20087      0.0120087        163.767        1.63767
   10         0        1.27415      0.0127415        173.705        1.73705
   10         0        1.34818      0.0134818        183.735        1.83735
   10         0        1.42309      0.0142309        193.863        1.93863
   10         1      0.0332341    0.000332341         6.4625       0.064625
   10         1       0.100212     0.00100212        15.6782       0.156782
   10         1       0.172829     0.00172829        24.8007       0.248007
   10         1       0.245059     0.00245059        33.7839       0.337839
   10         1        0.31785      0.0031785        42.7437       0.427437
   10         1       0.390589     0.00390589        51.7235       0.517235
   10         1       0.463942     0.00463942        60.7438       0.607438
   10         1       0.537371     0.00537371        69.8161       0.698161
   10         1       0.609664     0.00609664        78.9478       0.789478
   10         1       0.678586     0.00678586        87.5671       0.875671
   10         1       0.752052     0.00752052         96.825        0.96825
   10         1       0.820173     0.00820173        105.566        1.05566
   10         1       0.893827     0.00893827        114.959        1.14959
   10         1       0.963179     0.00963179        123.827        1.23827
   10         1        1.03322      0.0103322        132.759        1.32759
   10         1        1.10297      0.0110297        141.752        1.41752
   10         1        1.17482      0.0117482        150.806        1.50806
   10         1        1.24725      0.0124725         159.92         1.5992
   10         1         1.3158       0.013158        168.483        1.68483
   10         1        1.39103      0.0139103        177.716        1.77716
   10         1        1.46105      0.0146105        186.384        1.86384
   10         2      0.0153288    0.000153288        3.81604      0.0381604
   10         2      0.0868851    0.000868851        12.5182       0.125182
   10         2       0.163148     0.00163148        21.4446       0.214446
   10         2       0.236052     0.00236052        30.7593       0.307593
   10         2       0.309678     0.00309678        39.9033       0.399033
   10         2       0.383373     0.00383373        48.9714       0.489714
   10         2       0.451743     0.00451743        57.3805       0.573805
   10         2       0.524748     0.00524748        66.4668       0.664668
   10         2       0.598709     0.00598709        75.6159       0.756159
   10         2       0.672527     0.00672527         84.851        0.84851
   10         2        0.74099      0.0074099        93.5172       0.935172
   10         2       0.813828     0.00813828        102.959        1.02959
   10         2       0.882674     0.00882674        111.837        1.11837
   10         2       0.951818     0.00951818        120.824        1.20824
   10         2         1.0214       0.010214        129.925        1.29925
   10         2         1.0853       0.010853        138.431        1.38431
   10         2        1.15661      0.0115661        147.757        1.47757
   10         2        1.22306      0.0122306        156.472        1.56472
   10         2        1.29068      0.0129068        165.286        1.65286
   10         2        1.36435      0.0136435        174.952        1.74952
   10         2        1.43393      0.0143393        183.975        1.83975
   10         2         1.4979       0.014979        192.339        1.92339
   10         3      0.0391956    0.000391956        6.87868      0.0687868
   10         3      0.0937907    0.000937907        14.9164       0.149164
   10         3       0.148386     0.00148386        22.6627       0.226627
   10         3        0.20905      0.0020905        30.8676       0.308676
   10         3       0.269503     0.00269503        38.9562       0.389562
   10         3       0.329981     0.00329981        46.9797       0.469797
   10         3       0.391178     0.00391178        54.9718       0.549718
   10         3       0.452102     0.00452102         62.958        0.62958
   10         3       0.512477     0.00512477        70.9555       0.709555
   10         3       0.573662     0.00573662        78.9777       0.789777
   10         3       0.629956     0.00629956        86.4151       0.864151
   10         3        0.69116      0.0069116        94.5126       0.945126
   10         3       0.751293     0.00751293        102.659        1.02659
   10         3       0.812542     0.00812542         110.86         1.1086
   10         3       0.869027     0.00869027        118.481        1.18481
   10         3       0.930655     0.00930655        126.794        1.26794
   10         3       0.986621     0.00986621        134.525        1.34525
   10         3        1.04884      0.0104884        142.959        1.42959
   10         3         1.1068       0.011068        150.804        1.50804
   10         3        1.16466      0.0116466        158.707        1.58707
   10         3        1.22351      0.0122351        166.665        1.66665
   10         3        1.28377      0.0128377        174.679        1.74679
   11         0      0.0354711    0.000354711        5.27884      0.0527884
   11         0       0.100771     0.00100771        15.7261       0.157261
   11         0         0.1661       0.001661        25.4381       0.254381
   11         0       0.236766     0.00236766        35.5823       0.355823
   11         0       0.308939     0.00308939        45.6958       0.456958
   11         0       0.381045     0.00381045        55.8776       0.558776
   11         0        0.44765      0.0044765        65.5369       0.655369
   11         0       0.519903     0.00519903        75.9953       0.759953
   11         0       0.587564     0.00587564        85.9682       0.859682
   11         0       0.650596     0.00650596        95.4334       0.954334
   11         0       0.717477     0.00717477        105.752        1.05752
   11         0       0.780401     0.00780401        115.552        1.15552
   11         0       0.843371     0.00843371        125.518        1.25518
   11         0       0.906851     0.00906851        135.653        1.35653
   11         0       0.969636     0.00969636        145.954        1.45954
   11         0        1.02879      0.0102879        155.669        1.55669
   11         0        1.08878      0.0108878        165.523        1.65523
   11         0        1.14939      0.0114939        175.521        1.75521
   11         0        1.20994      0.0120994        185.656        1.85656
   11         0        1.27166      0.0127166        195.926        1.95926
   11         1      0.0402315    0.000402315        5.95948      0.0595948
   11         1      0.0976295    0.000976295        14.5027       0.145027
   11         1       0.162676     0.00162676        23.9314       0.239314
   11         1       0.225217     0.00225217        32.5921       0.325921
   11         1       0.291207     0.00291207         41.645        0.41645
   11         1       0.358104     0.00358104        50.6398       0.506398
   11         1       0.424865     0.00424865        59.6611       0.596611
   11         1       0.491022     0.00491022        68.7695       0.687695
   11         1       0.554142     0.00554142        77.4578       0.774578
   11         1       0.620958     0.00620958        86.8386       0.868386
   11         1       0.683302     0.00683302        95.8198       0.958198
   11         1       0.746376     0.00746376        104.961        1.04961
   11         1       0.805264     0.00805264        113.676        1.13676
   11         1       0.863775     0.00863775        122.536        1.22536
   11         1       0.923126     0.00923126         131.54         1.3154
   11         1       0.982687     0.00982687        140.687        1.40687
   11         1        1.04167      0.0104167        149.978        1.49978
   11         1        1.09838      0.0109838        158.775        1.58775
   11         1        1.15577      0.0115577        167.694        1.67694
   11         1         1.2127       0.012127        176.728        1.76728
   11         1        1.27111      0.0127111        185.882        1.85882
   11         1        1.32615      0.0132615        194.486        1.94486
   11         2      0.0357483    0.000357483        7.70411      0.0770411
   11         2      0.0835825    0.000835825        14.5606       0.145606
   11         2       0.135403     0.00135403        21.5792       0.215792
   11         2       0.187444     0.00187444        28.4875       0.284875
   11         2        0.24409      0.0024409        35.8895       0.358895
   11         2        0.29656      0.0029656        42.7589       0.427589
   11         2       0.348372     0.00348372        49.6396       0.496396
   11         2       0.401063     0.00401063        56.5402       0.565402
   11         2       0.457886     0.00457886        63.9999       0.639999
   11         2       0.510763     0.00510763         70.957        0.70957
   11         2       0.563441     0.00563441        77.9462       0.779462
   11         2       0.616061     0.00616061        84.9698       0.849698
   11         2       0.664763     0.00664763        91.4832       0.914832
   11         2       0.717485     0.00717485        98.5744       0.985744
   11         2        0.77021      0.0077021        105.703        1.05703
   11         2       0.823069     0.00823069        112.868        1.12868
   11         2       0.871133     0.00871133        119.517        1.19517
   11         2       0.924047     0.00924047        126.756        1.26756
   11         2       0.973225     0.00973225         133.47         1.3347
   11         2        1.02677      0.0102677        140.781        1.40781
   11         2        1.07674      0.0107674        147.563        1.47563
   11         2        1.13136      0.0113136        154.948        1.54948
   11         3      0.0270996    0.000270996        6.37083      0.0637083
   11         3       0.084986     0.00084986        14.5653       0.145653
   11         3       0.147325     0.00147325        22.9315       0.229315
   11         3        0.20568      0.0020568        30.5594       0.305594
   11         3       0.270369     0.00270369        38.6928       0.386928
   11         3        0.33313      0.0033313        46.7778       0.467778
   11         3       0.396935     0.00396935        54.8373       0.548373
   11         3       0.460885     0.00460885        62.8879       0.628879
   11         3       0.525069     0.00525069        70.9415       0.709415
   11         3       0.583604     0.00583604        78.4299       0.784299
   11         3       0.647534     0.00647534        86.5118       0.865118
   11         3       0.711596     0.00711596        94.6169       0.946169
   11         3        0.77584      0.0077584         102.75         1.0275
   11         3       0.838717     0.00838717        110.917        1.10917
   11         3       0.898577     0.00898577        118.529        1.18529
   11         3       0.963071     0.00963071        126.765        1.26765
   11         3        1.02359      0.0102359        134.444        1.34444
   11         3        1.08821      0.0108821        142.755        1.42755
   11         3         1.1499       0.011499        150.508        1.50508
   11         3        1.21732      0.0121732        158.896        1.58896
   11         3        1.28027      0.0128027        166.723        1.66723
