 *tel    numcsi   CsIInChannel     errCsIInChannel           CsIE       errCsIE
    0         0             90            0.5        20.6271       0.206271
    0         0            126            0.5        32.2062       0.322062
    0         0            166            0.5        43.0112       0.430112
    0         0            214            0.5        54.4797       0.544797
    0         0            266            0.5        65.8988       0.658988
    0         0            318            0.5        76.7193       0.767193
    0         0            374            0.5        87.9547       0.879547
    0         0            430            0.5        98.8909       0.988909
    0         0            486            0.5        109.601        1.09601
    0         0            546            0.5         120.87         1.2087
    0         0            606            0.5        131.957        1.31957
    0         0            666            0.5        142.882        1.42882
    0         0            726            0.5        153.659        1.53659
    0         0            786            0.5        164.301        1.64301
    0         0            850            0.5        175.513        1.75513
    0         0            914            0.5        186.593        1.86593
    0         0            978            0.5         197.55         1.9755
    0         0           1042            0.5        208.393        2.08393
    0         0           1110            0.5        219.796        2.19796
    0         0           1174            0.5        230.426        2.30426
    0         0           1242            0.5         241.62         2.4162
    0         0           1310            0.5        252.717        2.52717
    0         1             76            0.5        19.1098       0.191098
    0         1            136            0.5         34.578        0.34578
    0         1            196            0.5        49.0768       0.490768
    0         1            262            0.5        64.2532       0.642532
    0         1            328            0.5        78.7855       0.787855
    0         1            400            0.5        94.0357       0.940357
    0         1            478            0.5        109.965        1.09965
    0         1            550            0.5         124.21         1.2421
    0         1            628            0.5        139.218        1.39218
    0         1            712            0.5        154.958        1.54958
    0         1            790            0.5        169.237        1.69237
    0         1            874            0.5        184.299        1.84299
    0         1            958            0.5        199.076        1.99076
    0         1           1048            0.5        214.633        2.14633
    0         1           1138            0.5        229.941        2.29941
    0         1           1222            0.5        244.032        2.44032
    0         1           1318            0.5        259.931        2.59931
    0         1           1408            0.5         274.66         2.7466
    0         1           1498            0.5         289.24         2.8924
    0         1           1594            0.5        304.646        3.04646
    0         1           1690            0.5        319.918        3.19918
    0         1           1780            0.5        334.128        3.34128
    0         2             92            0.5        19.9855       0.199855
    0         2            147            0.5        34.0881       0.340881
    0         2            207            0.5        48.1681       0.481681
    0         2            272            0.5        62.7103       0.627103
    0         2            337            0.5        76.7031       0.767031
    0         2            402            0.5         90.246        0.90246
    0         2            472            0.5        104.404        1.04404
    0         2            542            0.5        118.179        1.18179
    0         2            617            0.5         132.57         1.3257
    0         2            692            0.5        146.625        1.46625
    0         2            767            0.5        160.384        1.60384
    0         2            847            0.5        174.772        1.74772
    0         2            927            0.5        188.895        1.88895
    0         2           1007            0.5         202.78         2.0278
    0         2           1087            0.5        216.452        2.16452
    0         2           1172            0.5        230.769        2.30769
    0         2           1257            0.5        244.892        2.44892
    0         2           1342            0.5        258.839        2.58839
    0         2           1427            0.5        272.628        2.72628
    0         2           1512            0.5        286.272        2.86272
    0         2           1602            0.5        300.577        3.00577
    0         2           1692            0.5        314.749        3.14749
    0         3             44            0.5        21.1742       0.211742
    0         3             94            0.5        34.6238       0.346238
    0         3            149            0.5        47.8224       0.478224
    0         3            204            0.5        60.4147       0.604147
    0         3            264            0.5         73.659        0.73659
    0         3            324            0.5        86.4863       0.864863
    0         3            389            0.5        99.9858       0.999858
    0         3            449            0.5         112.13         1.1213
    0         3            519            0.5        125.965        1.25965
    0         3            584            0.5        138.528        1.38528
    0         3            654            0.5        151.789        1.51789
    0         3            724            0.5          164.8          1.648
    0         3            794            0.5         177.59         1.7759
    0         3            864            0.5        190.182        1.90182
    0         3            939            0.5        203.475        2.03475
    0         3           1014            0.5        216.584        2.16584
    0         3           1089            0.5        229.527        2.29527
    0         3           1164            0.5         242.32         2.4232
    0         3           1244            0.5        255.815        2.55815
    0         3           1319            0.5         268.34         2.6834
    0         3           1399            0.5        281.577        2.81577
    1         0            105            0.5        17.7065       0.177065
    1         0            153            0.5        33.0127       0.330127
    1         0            219            0.5        49.8917       0.498917
    1         0            291            0.5        65.8097       0.658097
    1         0            369            0.5        81.6766       0.816766
    1         0            453            0.5        97.9134       0.979134
    1         0            537            0.5        113.597        1.13597
    1         0            627            0.5        129.954        1.29954
    1         0            717            0.5        145.937        1.45937
    1         0            807            0.5        161.598        1.61598
    1         0            903            0.5        177.988        1.77988
    1         0            993            0.5         193.09         1.9309
    1         0           1095            0.5        209.927        2.09927
    1         0           1191            0.5        225.529        2.25529
    1         0           1293            0.5         241.87         2.4187
    1         0           1395            0.5        257.993        2.57993
    1         0           1497            0.5        273.917        2.73917
    1         0           1599            0.5        289.663        2.89663
    1         0           1701            0.5        305.244        3.05244
    1         0           1809            0.5        321.583        3.21583
    1         0           1917            0.5        337.772        3.37772
    1         1             91            0.5        20.2884       0.202884
    1         1            163            0.5        36.5205       0.365205
    1         1            235            0.5        52.0125       0.520125
    1         1            313            0.5        68.1715       0.681715
    1         1            397            0.5        84.9817       0.849817
    1         1            475            0.5        100.128        1.00128
    1         1            559            0.5        116.012        1.16012
    1         1            649            0.5        132.603        1.32603
    1         1            739            0.5        148.808        1.48808
    1         1            829            0.5        164.675        1.64675
    1         1            919            0.5        180.244        1.80244
    1         1           1015            0.5        196.557        1.96557
    1         1           1111            0.5        212.603        2.12603
    1         1           1207            0.5        228.409        2.28409
    1         1           1309            0.5        244.968        2.44968
    1         1           1405            0.5        260.355        2.60355
    1         1           1507            0.5        276.515        2.76515
    1         1           1609            0.5        292.498        2.92498
    1         1           1711            0.5        308.322        3.08322
    1         1           1819            0.5        324.923        3.24923
    1         1           1921            0.5        340.467        3.40467
    1         2             82            0.5        22.7588       0.227588
    1         2            137            0.5        35.8558       0.358558
    1         2            202            0.5          50.65         0.5065
    1         2            267            0.5        64.8721       0.648721
    1         2            332            0.5        78.6233       0.786233
    1         2            402            0.5        92.9863       0.929863
    1         2            472            0.5        106.951        1.06951
    1         2            542            0.5        120.571        1.20571
    1         2            617            0.5        134.827        1.34827
    1         2            692            0.5        148.778        1.48778
    1         2            767            0.5        162.459        1.62459
    1         2            847            0.5        176.786        1.76786
    1         2            927            0.5        190.871        1.90871
    1         2           1007            0.5        204.738        2.04738
    1         2           1087            0.5        218.412        2.18412
    1         2           1172            0.5        232.748        2.32748
    1         2           1257            0.5        246.906        2.46906
    1         2           1342            0.5        260.906        2.60906
    1         2           1427            0.5        274.761        2.74761
    1         2           1512            0.5        288.486        2.88486
    1         3            103            0.5        17.8558       0.178558
    1         3            153            0.5        32.4839       0.324839
    1         3            208            0.5        46.3558       0.463558
    1         3            268            0.5        60.4435       0.604435
    1         3            333            0.5        74.9185       0.749185
    1         3            398            0.5        88.7855       0.887855
    1         3            463            0.5        102.169        1.02169
    1         3            533            0.5        116.136        1.16136
    1         3            608            0.5        130.672        1.30672
    1         3            683            0.5        144.832        1.44832
    1         3            758            0.5         158.67         1.5867
    1         3            833            0.5         172.23         1.7223
    1         3            913            0.5        186.428        1.86428
    1         3            993            0.5        200.385        2.00385
    1         3           1078            0.5        214.984        2.14984
    1         3           1158            0.5        228.535        2.28535
    1         3           1243            0.5        242.754        2.42754
    1         3           1328            0.5         256.81         2.5681
    1         3           1413            0.5        270.724        2.70724
    1         3           1498            0.5        284.509        2.84509
    1         3           1588            0.5        298.983        2.98983
    2         0             73            0.5        17.7691       0.177691
    2         0            113            0.5        30.8816       0.308816
    2         0            163            0.5         43.935        0.43935
    2         0            218            0.5        56.5345       0.565345
    2         0            278            0.5        69.3847       0.693847
    2         0            343            0.5        82.7779       0.827779
    2         0            408            0.5        95.8191       0.958191
    2         0            473            0.5         108.58         1.0858
    2         0            538            0.5        121.092        1.21092
    2         0            608            0.5        134.308        1.34308
    2         0            678            0.5        147.271        1.47271
    2         0            753            0.5        160.899        1.60899
    2         0            823            0.5         173.39         1.7339
    2         0            898            0.5        186.547        1.86547
    2         0            973            0.5        199.487        1.99487
    2         0           1048            0.5        212.225        2.12225
    2         0           1128            0.5        225.609        2.25609
    2         0           1208            0.5        238.799        2.38799
    2         0           1288            0.5        251.811        2.51811
    2         0           1368            0.5         264.66         2.6466
    2         0           1448            0.5         277.36         2.7736
    2         0           1533            0.5        290.702        2.90702
    2         1            102            0.5         15.273        0.15273
    2         1            137            0.5        28.0817       0.280817
    2         1            182            0.5        41.9581       0.419581
    2         1            227            0.5        54.2608       0.542608
    2         1            277            0.5         66.854        0.66854
    2         1            332            0.5        79.8795       0.798795
    2         1            392            0.5        93.4258       0.934258
    2         1            452            0.5        106.473        1.06473
    2         1            512            0.5        119.137        1.19137
    2         1            577            0.5        132.506        1.32506
    2         1            642            0.5        145.571        1.45571
    2         1            707            0.5        158.376        1.58376
    2         1            777            0.5        171.913        1.71913
    2         1            842            0.5        184.279        1.84279
    2         1            912            0.5          197.4          1.974
    2         1            982            0.5        210.339        2.10339
    2         1           1052            0.5        223.118        2.23118
    2         1           1127            0.5        236.651        2.36651
    2         1           1197            0.5        249.147        2.49147
    2         1           1272            0.5        262.408        2.62408
    2         1           1347            0.5        275.551        2.75551
    2         1           1422            0.5        288.586        2.88586
    2         2             74            0.5        18.9849       0.189849
    2         2            110            0.5        28.1483       0.281483
    2         2            154            0.5        38.8264       0.388264
    2         2            194            0.5         48.132        0.48132
    2         2            242            0.5         58.876        0.58876
    2         2            286            0.5        68.3767       0.683767
    2         2            334            0.5        78.4125       0.784125
    2         2            386            0.5        88.9472       0.889472
    2         2            434            0.5        98.3981       0.983981
    2         2            486            0.5        108.376        1.08376
    2         2            542            0.5        118.852        1.18852
    2         2            594            0.5        128.359        1.28359
    2         2            650            0.5        138.386        1.38386
    2         2            710            0.5        148.909        1.48909
    2         2            766            0.5         158.55         1.5855
    2         2            826            0.5        168.703        1.68703
    2         2            886            0.5        178.694        1.78694
    2         2            946            0.5        188.538        1.88538
    2         2           1010            0.5        198.892        1.98892
    2         2           1070            0.5        208.474        2.08474
    2         2           1134            0.5        218.576        2.18576
    2         3             98            0.5        13.0698       0.130698
    2         3            130            0.5        25.0137       0.250137
    2         3            170            0.5        37.1827       0.371827
    2         3            218            0.5        49.7883       0.497883
    2         3            266            0.5        61.2687       0.612687
    2         3            322            0.5        73.8798       0.738798
    2         3            378            0.5        85.9668       0.859668
    2         3            434            0.5        97.6864       0.976864
    2         3            494            0.5        109.924        1.09924
    2         3            554            0.5        121.884        1.21884
    2         3            614            0.5          133.6          1.336
    2         3            678            0.5        145.857        1.45857
    2         3            742            0.5        157.888        1.57888
    2         3            806            0.5        169.714        1.69714
    2         3            870            0.5        181.349        1.81349
    2         3            938            0.5        193.521        1.93521
    2         3           1006            0.5        205.513        2.05513
    2         3           1074            0.5        217.338        2.17338
    2         3           1146            0.5        229.693        2.29693
    2         3           1218            0.5         241.89         2.4189
    2         3           1290            0.5        253.944        2.53944
    3         0             75            0.5        19.4682       0.194682
    3         0            107            0.5        30.2783       0.302783
    3         0            147            0.5         41.524        0.41524
    3         0            191            0.5        52.3185       0.523185
    3         0            243            0.5        63.9162       0.639162
    3         0            295            0.5         74.791        0.74791
    3         0            351            0.5        85.9988       0.859988
    3         0            407            0.5        96.8428       0.968428
    3         0            463            0.5        107.408        1.07408
    3         0            523            0.5        118.475        1.18475
    3         0            583            0.5        129.315        1.29315
    3         0            647            0.5        140.657        1.40657
    3         0            711            0.5        151.795        1.51795
    3         0            775            0.5        162.746        1.62746
    3         0            839            0.5        173.527        1.73527
    3         0            907            0.5        184.811        1.84811
    3         0            975            0.5        195.932        1.95932
    3         0           1043            0.5        206.904        2.06904
    3         0           1111            0.5        217.738        2.17738
    3         0           1179            0.5        228.446        2.28446
    3         0           1251            0.5        239.656        2.39656
    3         0           1323            0.5        250.746        2.50746
    3         1            102            0.5        22.9126       0.229126
    3         1            142            0.5         34.138        0.34138
    3         1            186            0.5        45.7526       0.457526
    3         1            230            0.5        56.7404       0.567404
    3         1            274            0.5        67.2024       0.672024
    3         1            326            0.5        78.9927       0.789927
    3         1            374            0.5        89.4062       0.894062
    3         1            426            0.5        100.254        1.00254
    3         1            482            0.5        111.503        1.11503
    3         1            538            0.5        122.369        1.22369
    3         1            598            0.5        133.646        1.33646
    3         1            658            0.5        144.599        1.44599
    3         1            722            0.5        155.975        1.55975
    3         1            782            0.5        166.391        1.66391
    3         1            850            0.5        177.945        1.77945
    3         1            914            0.5        188.606        1.88606
    3         1            982            0.5        199.737        1.99737
    3         1           1050            0.5        210.693        2.10693
    3         1           1118            0.5        221.494        2.21494
    3         1           1190            0.5        232.784        2.32784
    3         1           1262            0.5        243.943        2.43943
    3         2             94            0.5        20.8845       0.208845
    3         2            124            0.5        32.4807       0.324807
    3         2            154            0.5        43.2046       0.432046
    3         2            187            0.5        54.2355       0.542355
    3         2            223            0.5        65.5505       0.655505
    3         2            259            0.5        76.2668       0.762668
    3         2            298            0.5        87.3298       0.873298
    3         2            340            0.5        98.7262       0.987262
    3         2            382            0.5        109.682        1.09682
    3         2            424            0.5        120.272        1.20272
    3         2            469            0.5         131.28         1.3128
    3         2            517            0.5        142.697        1.42697
    3         2            565            0.5        153.833        1.53833
    3         2            613            0.5        164.731        1.64731
    3         2            661            0.5        175.426        1.75426
    3         2            712            0.5        186.601        1.86601
    3         2            763            0.5        197.609        1.97609
    3         2            814            0.5        208.474        2.08474
    3         2            868            0.5        219.845        2.19845
    3         2            919            0.5        230.477        2.30477
    3         2            973            0.5        241.637        2.41637
    3         3             75            0.5        17.2107       0.172107
    3         3            107            0.5        28.0469       0.280469
    3         3            147            0.5        39.2715       0.392715
    3         3            191            0.5        50.1792       0.501792
    3         3            243            0.5        61.9996       0.619996
    3         3            291            0.5        72.2463       0.722463
    3         3            347            0.5          83.62         0.8362
    3         3            403            0.5        94.5038       0.945038
    3         3            463            0.5        105.722        1.05722
    3         3            523            0.5        116.557        1.16557
    3         3            587            0.5        127.753        1.27753
    3         3            651            0.5        138.629        1.38629
    3         3            719            0.5        149.881        1.49881
    3         3            787            0.5         160.86         1.6086
    3         3            855            0.5        171.601        1.71601
    3         3            927            0.5        182.745        1.82745
    3         3            999            0.5        193.683        1.93683
    3         3           1071            0.5        204.438        2.04438
    3         3           1147            0.5        215.617        2.15617
    3         3           1223            0.5        226.636        2.26636
    3         3           1299            0.5        237.515        2.37515
    4         0            106            0.5        13.1683       0.131683
    4         0            146            0.5        25.9898       0.259898
    4         0            191            0.5        37.5084       0.375084
    4         0            246            0.5        49.5326       0.495326
    4         0            306            0.5         61.297        0.61297
    4         0            371            0.5        73.1373       0.731373
    4         0            441            0.5        85.2159       0.852159
    4         0            516            0.5        97.6041       0.976041
    4         0            591            0.5        109.546        1.09546
    4         0            671            0.5        121.878        1.21878
    4         0            751            0.5        133.852        1.33852
    4         0            831            0.5        145.514        1.45514
    4         0            916            0.5        157.604        1.57604
    4         0           1001            0.5        169.418        1.69418
    4         0           1091            0.5         181.66         1.8166
    4         0           1181            0.5        193.657        1.93657
    4         0           1271            0.5        205.436        2.05436
    4         0           1366            0.5        217.657        2.17657
    4         0           1461            0.5        229.683        2.29683
    4         0           1556            0.5        241.533        2.41533
    4         0           1656            0.5        253.837        2.53837
    4         1             77            0.5        14.6821       0.146821
    4         1            117            0.5        26.2508       0.262508
    4         1            162            0.5        37.3631       0.373631
    4         1            212            0.5        48.1914       0.481914
    4         1            272            0.5        59.8139       0.598139
    4         1            332            0.5        70.4643       0.704643
    4         1            397            0.5        81.2845       0.812845
    4         1            467            0.5        92.3732       0.923732
    4         1            542            0.5        103.801        1.03801
    4         1            617            0.5        114.886        1.14886
    4         1            692            0.5        125.706        1.25706
    4         1            767            0.5        136.312        1.36312
    4         1            847            0.5        147.425        1.47425
    4         1            927            0.5        158.361        1.58361
    4         1           1012            0.5        169.809        1.69809
    4         1           1092            0.5         180.44         1.8044
    4         1           1177            0.5        191.598        1.91598
    4         1           1262            0.5        202.626        2.02626
    4         1           1347            0.5        213.536        2.13536
    4         1           1437            0.5        224.969        2.24969
    4         1           1522            0.5        235.665        2.35665
    4         2            103            0.5        12.6766       0.126766
    4         2            143            0.5        24.5679       0.245679
    4         2            183            0.5        34.8752       0.348752
    4         2            233            0.5         46.412        0.46412
    4         2            288            0.5         57.971        0.57971
    4         2            343            0.5        68.7291       0.687291
    4         2            403            0.5        79.8208       0.798208
    4         2            463            0.5        90.4152       0.904152
    4         2            528            0.5        101.462        1.01462
    4         2            598            0.5        112.963        1.12963
    4         2            663            0.5        123.342        1.23342
    4         2            733            0.5        134.248        1.34248
    4         2            808            0.5        145.665        1.45665
    4         2            883            0.5        156.844        1.56844
    4         2            958            0.5        167.812        1.67812
    4         2           1033            0.5        178.594        1.78594
    4         2           1113            0.5        189.913        1.89913
    4         2           1188            0.5        200.369        2.00369
    4         2           1268            0.5        211.374        2.11374
    4         2           1353            0.5        222.916        2.22916
    4         2           1433            0.5        233.649        2.33649
    4         3             98            0.5        13.0316       0.130316
    4         3            138            0.5        25.5075       0.255075
    4         3            183            0.5        37.3645       0.373645
    4         3            233            0.5          49.02         0.4902
    4         3            293            0.5        61.7398       0.617398
    4         3            353            0.5        73.5777       0.735777
    4         3            418            0.5        85.7254       0.857254
    4         3            483            0.5        97.3551       0.973551
    4         3            553            0.5        109.429        1.09429
    4         3            628            0.5        121.945        1.21945
    4         3            698            0.5        133.297        1.33297
    4         3            778            0.5        145.936        1.45936
    4         3            853            0.5        157.503        1.57503
    4         3            933            0.5        169.575        1.69575
    4         3           1013            0.5        181.404        1.81404
    4         3           1098            0.5        193.733        1.93733
    4         3           1183            0.5        205.841        2.05841
    4         3           1268            0.5        217.752        2.17752
    4         3           1353            0.5        229.483        2.29483
    4         3           1443            0.5        241.728        2.41728
    4         3           1533            0.5        253.807        2.53807
    5         0             89            0.5        19.2083       0.192083
    5         0            134            0.5        31.7589       0.317589
    5         0            184            0.5        43.4179       0.434179
    5         0            244            0.5        55.6082       0.556082
    5         0            309            0.5        67.5451       0.675451
    5         0            379            0.5        79.5427       0.795427
    5         0            454            0.5        91.7923       0.917923
    5         0            529            0.5        103.625        1.03625
    5         0            609            0.5        115.914        1.15914
    5         0            689            0.5        127.933        1.27933
    5         0            769            0.5        139.727        1.39727
    5         0            849            0.5        151.325        1.51325
    5         0            934            0.5        163.458        1.63458
    5         0           1019            0.5        175.415        1.75415
    5         0           1109            0.5          187.9          1.879
    5         0           1194            0.5         199.54         1.9954
    5         0           1284            0.5        211.718        2.11718
    5         0           1374            0.5        223.758        2.23758
    5         0           1464            0.5         235.67         2.3567
    5         0           1554            0.5        247.465        2.47465
    5         1             85            0.5        14.6954       0.146954
    5         1            127            0.5        25.9077       0.259077
    5         1            175            0.5        36.5001       0.365001
    5         1            235            0.5         47.724        0.47724
    5         1            301            0.5         58.534        0.58534
    5         1            373            0.5        69.2672       0.692672
    5         1            457            0.5        80.9818       0.809818
    5         1            535            0.5        91.3856       0.913856
    5         1            619            0.5        102.254        1.02254
    5         1            709            0.5        113.618        1.13618
    5         1            799            0.5        124.756        1.24756
    5         1            889            0.5        135.705        1.35705
    5         1            979            0.5         146.49         1.4649
    5         1           1075            0.5        157.831        1.57831
    5         1           1165            0.5        168.325        1.68325
    5         1           1261            0.5        179.382        1.79382
    5         1           1363            0.5        190.988        1.90988
    5         1           1459            0.5        201.788        2.01788
    5         1           1555            0.5        212.477        2.12477
    5         1           1657            0.5        223.722        2.23722
    5         2             83            0.5          20.88         0.2088
    5         2            133            0.5        30.1182       0.301182
    5         2            193            0.5        40.7495       0.407495
    5         2            253            0.5        50.9499       0.509499
    5         2            313            0.5        60.7625       0.607625
    5         2            378            0.5        70.9958       0.709958
    5         2            443            0.5        80.8552       0.808552
    5         2            508            0.5        90.3786       0.903786
    5         2            583            0.5        100.995        1.00995
    5         2            653            0.5        110.584        1.10584
    5         2            728            0.5        120.558        1.20558
    5         2            808            0.5        130.898        1.30898
    5         2            888            0.5         140.97         1.4097
    5         2            968            0.5        150.808        1.50808
    5         2           1048            0.5        160.443        1.60443
    5         2           1133            0.5        170.486        1.70486
    5         2           1223            0.5        180.933        1.80933
    5         2           1308            0.5        190.644        1.90644
    5         2           1398            0.5        200.785        2.00785
    5         2           1488            0.5        210.798        2.10798
    5         2           1578            0.5        220.699        2.20699
    5         3             98            0.5        18.4132       0.184132
    5         3            154            0.5        28.5201       0.285201
    5         3            226            0.5        38.7156       0.387156
    5         3            306            0.5        48.3381       0.483381
    5         3            402            0.5        58.7429       0.587429
    5         3            498            0.5        68.4568       0.684568
    5         3            602            0.5        78.4735       0.784735
    5         3            714            0.5        88.8199       0.888199
    5         3            826            0.5        98.7941       0.987941
    5         3            938            0.5        108.451        1.08451
    5         3           1058            0.5        118.488        1.18488
    5         3           1186            0.5        128.884        1.28884
    5         3           1314            0.5        138.997        1.38997
    5         3           1442            0.5        148.856        1.48856
    5         3           1570            0.5         158.49         1.5849
    5         3           1706            0.5        168.506        1.68506
    5         3           1850            0.5        178.888        1.78888
    5         3           1986            0.5        188.506        1.88506
    5         3           2130            0.5        198.511        1.98511
    5         3           2282            0.5        208.894        2.08894
    5         3           2426            0.5        218.578        2.18578
    6         0             70            0.5        18.5362       0.185362
    6         0            105            0.5        30.2885       0.302885
    6         0            150            0.5        42.6567       0.426567
    6         0            200            0.5        54.4791       0.544791
    6         0            255            0.5         66.167        0.66167
    6         0            320            0.5        78.8963       0.788963
    6         0            385            0.5        90.8425       0.908425
    6         0            450            0.5         102.22         1.0222
    6         0            525            0.5          114.8          1.148
    6         0            600            0.5        126.906        1.26906
    6         0            675            0.5        138.618        1.38618
    6         0            755            0.5        150.741        1.50741
    6         0            835            0.5        162.538        1.62538
    6         0            920            0.5        174.762        1.74762
    6         0           1005            0.5        186.706        1.86706
    6         0           1090            0.5        198.406        1.98406
    6         0           1180            0.5         210.56         2.1056
    6         0           1270            0.5          222.5          2.225
    6         0           1365            0.5        234.901        2.34901
    6         0           1455            0.5        246.476        2.46476
    6         0           1550            0.5        258.535        2.58535
    6         1             77            0.5        18.8003       0.188003
    6         1            119            0.5        30.9122       0.309122
    6         1            179            0.5        44.8579       0.448579
    6         1            239            0.5         57.001        0.57001
    6         1            311            0.5        70.4176       0.704176
    6         1            383            0.5        83.1031       0.831031
    6         1            461            0.5        96.2893       0.962893
    6         1            545            0.5        109.994        1.09994
    6         1            623            0.5        122.341        1.22341
    6         1            707            0.5        135.286        1.35286
    6         1            797            0.5        148.803        1.48803
    6         1            887            0.5        161.999        1.61999
    6         1            977            0.5         174.91         1.7491
    6         1           1067            0.5        187.567        1.87567
    6         1           1163            0.5        200.822        2.00822
    6         1           1259            0.5        213.847        2.13847
    6         1           1355            0.5         226.67         2.2667
    6         1           1451            0.5         239.31         2.3931
    6         1           1553            0.5        252.564        2.52564
    6         1           1655            0.5        265.654        2.65654
    6         2             81            0.5        19.8251       0.198251
    6         2            121            0.5        30.5292       0.305292
    6         2            161            0.5        40.7808       0.407808
    6         2            201            0.5        50.1638       0.501638
    6         2            251            0.5        60.8428       0.608428
    6         2            301            0.5        70.6066       0.706066
    6         2            356            0.5        80.5387       0.805387
    6         2            416            0.5        90.6325       0.906325
    6         2            481            0.5        100.896        1.00896
    6         2            546            0.5        110.618        1.10618
    6         2            616            0.5        120.611        1.20611
    6         2            691            0.5        130.884        1.30884
    6         2            766            0.5          140.8          1.408
    6         2            841            0.5        150.427        1.50427
    6         2            921            0.5        160.439        1.60439
    6         2           1006            0.5         170.84         1.7084
    6         2           1086            0.5        180.448        1.80448
    6         2           1171            0.5        190.499        1.90499
    6         2           1261            0.5        200.999        2.00999
    6         2           1346            0.5        210.804        2.10804
    6         2           1431            0.5        220.523        2.20523
    6         3             87            0.5        19.4912       0.194912
    6         3            122            0.5        30.9109       0.309109
    6         3            162            0.5         41.699        0.41699
    6         3            207            0.5        52.1108       0.521108
    6         3            262            0.5        63.3704       0.633704
    6         3            322            0.5        74.5763       0.745763
    6         3            387            0.5        85.9596       0.859596
    6         3            452            0.5        96.8393       0.968393
    6         3            517            0.5        107.366        1.07366
    6         3            587            0.5        118.401        1.18401
    6         3            662            0.5        129.946        1.29946
    6         3            732            0.5          140.5          1.405
    6         3            807            0.5        151.603        1.51603
    6         3            882            0.5        162.515        1.62515
    6         3            962            0.5        173.968        1.73968
    6         3           1037            0.5        184.544        1.84544
    6         3           1117            0.5         195.67         1.9567
    6         3           1197            0.5        206.649        2.06649
    6         3           1277            0.5        217.494        2.17494
    6         3           1362            0.5        228.882        2.28882
    6         3           1442            0.5        239.484        2.39484
    7         0             97            0.5        15.3604       0.153604
    7         0            132            0.5        25.5017       0.255017
    7         0            172            0.5        34.9719       0.349719
    7         0            222            0.5        45.6982       0.456982
    7         0            272            0.5        55.7038       0.557038
    7         0            322            0.5        65.1987       0.651987
    7         0            377            0.5        75.1832       0.751832
    7         0            437            0.5        85.6291       0.856291
    7         0            497            0.5        95.6878       0.956878
    7         0            557            0.5        105.419        1.05419
    7         0            622            0.5        115.644        1.15644
    7         0            687            0.5        125.583        1.25583
    7         0            752            0.5        135.273        1.35273
    7         0            822            0.5        145.464        1.45464
    7         0            892            0.5        155.431        1.55431
    7         0            967            0.5        165.893        1.65893
    7         0           1037            0.5        175.476        1.75476
    7         0           1112            0.5         185.57         1.8557
    7         0           1187            0.5        195.505        1.95505
    7         0           1267            0.5        205.945        2.05945
    7         0           1342            0.5          215.6          2.156
    7         0           1422            0.5        225.772        2.25772
    7         1             90            0.5         15.454        0.15454
    7         1            125            0.5         25.714        0.25714
    7         1            165            0.5        35.7939       0.357939
    7         1            210            0.5        45.7871       0.457871
    7         1            260            0.5         55.779        0.55779
    7         1            315            0.5        65.8596       0.658596
    7         1            370            0.5        75.2809       0.752809
    7         1            435            0.5        85.8147       0.858147
    7         1            500            0.5        95.8718       0.958718
    7         1            565            0.5        105.567        1.05567
    7         1            635            0.5        115.689        1.15689
    7         1            705            0.5        125.541        1.25541
    7         1            780            0.5        135.845        1.35845
    7         1            855            0.5        145.928        1.45928
    7         1            930            0.5        155.819        1.55819
    7         1           1005            0.5        165.541        1.65541
    7         1           1085            0.5        175.746        1.75746
    7         1           1165            0.5        185.799        1.85799
    7         1           1245            0.5        195.716        1.95716
    7         1           1325            0.5        205.509        2.05509
    7         1           1410            0.5        215.792        2.15792
    7         2            106            0.5        14.0062       0.140062
    7         2            138            0.5        23.9219       0.239219
    7         2            170            0.5        32.4402       0.324402
    7         2            210            0.5        41.9173       0.419173
    7         2            250            0.5         50.546        0.50546
    7         2            294            0.5        59.3667       0.593667
    7         2            342            0.5        68.4078       0.684078
    7         2            394            0.5        77.6854       0.776854
    7         2            446            0.5        86.5407       0.865407
    7         2            502            0.5        95.6948       0.956948
    7         2            558            0.5        104.518        1.04518
    7         2            618            0.5         113.66         1.1366
    7         2            678            0.5        122.526        1.22526
    7         2            742            0.5        131.716        1.31716
    7         2            806            0.5        140.667        1.40667
    7         2            874            0.5        149.944        1.49944
    7         2            938            0.5        158.483        1.58483
    7         2           1010            0.5        167.888        1.67888
    7         2           1078            0.5        176.596        1.76596
    7         2           1150            0.5        185.652        1.85652
    7         2           1222            0.5        194.554        1.94554
    7         3             78            0.5        15.1211       0.151211
    7         3            118            0.5        25.9143       0.259143
    7         3            162            0.5        35.4001       0.354001
    7         3            214            0.5         45.714        0.45714
    7         3            266            0.5        55.5057       0.555057
    7         3            322            0.5        65.6534       0.656534
    7         3            378            0.5        75.4835       0.754835
    7         3            438            0.5        85.7276       0.857276
    7         3            498            0.5        95.7185       0.957185
    7         3            558            0.5         105.49         1.0549
    7         3            622            0.5        115.699        1.15699
    7         3            686            0.5        125.711        1.25711
    7         3            750            0.5        135.547        1.35547
    7         3            818            0.5        145.823        1.45823
    7         3            886            0.5        155.936        1.55936
    7         3            954            0.5          165.9          1.659
    7         3           1022            0.5        175.728        1.75728
    7         3           1094            0.5        185.997        1.85997
    7         3           1162            0.5        195.579        1.95579
    7         3           1234            0.5        205.608        2.05608
    7         3           1306            0.5        215.527        2.15527
    7         3           1382            0.5        225.888        2.25888
    8         0            103            0.5        15.7008       0.157008
    8         0            131            0.5        23.9426       0.239426
    8         0            167            0.5        33.2012       0.332012
    8         0            207            0.5        42.3764       0.423764
    8         0            251            0.5        51.5758       0.515758
    8         0            299            0.5        60.8686       0.608686
    8         0            347            0.5        69.5926       0.695926
    8         0            399            0.5        78.5528       0.785528
    8         0            455            0.5        87.7498       0.877498
    8         0            511            0.5         96.566        0.96566
    8         0            571            0.5        105.662        1.05662
    8         0            631            0.5        114.451        1.14451
    8         0            695            0.5        123.539        1.23539
    8         0            763            0.5        132.913        1.32913
    8         0            827            0.5        141.507        1.41507
    8         0            899            0.5        150.942        1.50942
    8         0            967            0.5        159.653        1.59653
    8         0           1039            0.5        168.691        1.68691
    8         0           1111            0.5        177.558        1.77558
    8         0           1187            0.5        186.753        1.86753
    8         0           1263            0.5        195.798        1.95798
    8         0           1339            0.5        204.707        2.04707
    8         1            127            0.5        19.1956       0.191956
    8         1            163            0.5        27.2123       0.272123
    8         1            203            0.5        35.5479       0.355479
    8         1            243            0.5         43.387        0.43387
    8         1            287            0.5        51.5231       0.515231
    8         1            335            0.5        59.8995       0.598995
    8         1            383            0.5        67.8281       0.678281
    8         1            435            0.5        75.9838       0.759838
    8         1            487            0.5        83.7524       0.837524
    8         1            543            0.5        91.7476       0.917476
    8         1            603            0.5        99.9497       0.999497
    8         1            663            0.5        107.831        1.07831
    8         1            727            0.5        115.937        1.15937
    8         1            791            0.5         123.78         1.2378
    8         1            859            0.5        131.868        1.31868
    8         1            927            0.5        139.741        1.39741
    8         1            999            0.5        147.879        1.47879
    8         1           1071            0.5        155.842        1.55842
    8         1           1143            0.5        163.658        1.63658
    8         1           1219            0.5         171.77         1.7177
    8         1           1295            0.5        179.762        1.79762
    8         1           1371            0.5        187.651        1.87651
    8         2            105            0.5        15.8747       0.158747
    8         2            135            0.5        25.7041       0.257041
    8         2            170            0.5        35.0989       0.350989
    8         2            215            0.5        45.4147       0.454147
    8         2            265            0.5        55.6046       0.556046
    8         2            320            0.5        65.9333       0.659333
    8         2            375            0.5        75.6791       0.756791
    8         2            435            0.5        85.8429       0.858429
    8         2            495            0.5         95.629        0.95629
    8         2            560            0.5        105.881        1.05881
    8         2            625            0.5        115.823        1.15823
    8         2            690            0.5        125.492        1.25492
    8         2            760            0.5        135.635        1.35635
    8         2            830            0.5        145.528        1.45528
    8         2            905            0.5        155.877        1.55877
    8         2            980            0.5        165.992        1.65992
    8         2           1055            0.5        175.898        1.75898
    8         2           1130            0.5        185.612        1.85612
    8         2           1210            0.5        195.784        1.95784
    8         2           1290            0.5        205.777        2.05777
    8         2           1370            0.5        215.607        2.15607
    8         2           1455            0.5        225.889        2.25889
    8         3            111            0.5        18.2797       0.182797
    8         3            138            0.5        25.8446       0.258446
    8         3            165            0.5        32.3148       0.323148
    8         3            198            0.5        39.6337       0.396337
    8         3            231            0.5        46.5732       0.465732
    8         3            267            0.5         53.845        0.53845
    8         3            303            0.5        60.8771       0.608771
    8         3            339            0.5         67.713        0.67713
    8         3            378            0.5        74.9307       0.749307
    8         3            417            0.5        81.9783       0.819783
    8         3            456            0.5        88.8755       0.888755
    8         3            495            0.5         95.638        0.95638
    8         3            537            0.5        102.785        1.02785
    8         3            579            0.5        109.802        1.09802
    8         3            621            0.5        116.703        1.16703
    8         3            666            0.5        123.977        1.23977
    8         3            708            0.5        130.664        1.30664
    8         3            753            0.5        137.726        1.37726
    8         3            798            0.5        144.692        1.44692
    8         3            843            0.5        151.567        1.51567
    8         3            891            0.5        158.807        1.58807
    8         3            939            0.5        165.959        1.65959
    8         3            984            0.5        172.588        1.72588
    9         0            109            0.5        12.5778       0.125778
    9         0            137            0.5        21.0341       0.210341
    9         0            177            0.5        30.3656       0.303656
    9         0            221            0.5        39.4815       0.394815
    9         0            269            0.5        48.7553       0.487553
    9         0            317            0.5        57.5806       0.575806
    9         0            369            0.5        66.7694       0.667694
    9         0            421            0.5        75.6509       0.756509
    9         0            477            0.5        84.9304       0.849304
    9         0            533            0.5        93.9569       0.939569
    9         0            589            0.5        102.763        1.02763
    9         0            649            0.5        111.982        1.11982
    9         0            705            0.5        120.405        1.20405
    9         0            769            0.5         129.84         1.2984
    9         0            829            0.5        138.516        1.38516
    9         0            893            0.5        147.607        1.47607
    9         0            957            0.5        156.543        1.56543
    9         0           1025            0.5        165.884        1.65884
    9         0           1089            0.5        174.541        1.74541
    9         0           1157            0.5        183.608        1.83608
    9         0           1225            0.5        192.551        1.92551
    9         1            100            0.5        17.9999       0.179999
    9         1            136            0.5        27.4214       0.274214
    9         1            184            0.5        37.6367       0.376367
    9         1            236            0.5        47.6813       0.476813
    9         1            292            0.5        57.8884       0.578884
    9         1            348            0.5        67.6826       0.676826
    9         1            408            0.5        77.8381       0.778381
    9         1            468            0.5        87.7142       0.877142
    9         1            532            0.5        97.9928       0.979928
    9         1            592            0.5        107.423        1.07423
    9         1            660            0.5        117.899        1.17899
    9         1            724            0.5        127.576        1.27576
    9         1            792            0.5        137.684        1.37684
    9         1            860            0.5         147.63         1.4763
    9         1            928            0.5        157.428        1.57428
    9         1           1000            0.5        167.655        1.67655
    9         1           1072            0.5        177.742        1.77742
    9         1           1144            0.5        187.701        1.87701
    9         1           1216            0.5        197.541        1.97541
    9         1           1292            0.5        207.808        2.07808
    9         2            123            0.5        19.6342       0.196342
    9         2            159            0.5         28.395        0.28395
    9         2            207            0.5        37.9186       0.379186
    9         2            255            0.5        46.5908       0.465908
    9         2            307            0.5        55.4888       0.554888
    9         2            363            0.5        64.6961       0.646961
    9         2            419            0.5        73.6187       0.736187
    9         2            479            0.5        82.9308       0.829308
    9         2            535            0.5        91.4303       0.914303
    9         2            599            0.5        100.951        1.00951
    9         2            659            0.5        109.713        1.09713
    9         2            723            0.5        118.905        1.18905
    9         2            787            0.5        127.954        1.27954
    9         2            851            0.5        136.874        1.36874
    9         2            915            0.5        145.676        1.45676
    9         2            983            0.5        154.911        1.54911
    9         2           1047            0.5          163.5          1.635
    9         2           1115            0.5        172.525        1.72525
    9         2           1187            0.5        181.977        1.81977
    9         2           1255            0.5        190.812        1.90812
    9         2           1323            0.5        199.565        1.99565
    9         2           1395            0.5        208.748        2.08748
    9         3            109            0.5        13.2379       0.132379
    9         3            136            0.5        21.8314       0.218314
    9         3            169            0.5        29.9341       0.299341
    9         3            205            0.5        37.7274       0.377274
    9         3            244            0.5        45.5417       0.455417
    9         3            286            0.5        53.4978       0.534978
    9         3            331            0.5        61.6484       0.616484
    9         3            376            0.5        69.5024       0.695024
    9         3            424            0.5        77.6168       0.776168
    9         3            475            0.5        85.9901       0.859901
    9         3            523            0.5        93.6708       0.936708
    9         3            574            0.5        101.647        1.01647
    9         3            628            0.5        109.908        1.09908
    9         3            679            0.5        117.556        1.17556
    9         3            736            0.5        125.945        1.25945
    9         3            790            0.5        133.752        1.33752
    9         3            847            0.5        141.858        1.41858
    9         3            904            0.5        149.839        1.49839
    9         3            961            0.5        157.704        1.57704
    9         3           1021            0.5        165.869        1.65869
    9         3           1081            0.5        173.926        1.73926
    9         3           1141            0.5        181.884        1.81884
   10         0             99            0.5         12.372        0.12372
   10         0            127            0.5        20.8271       0.208271
   10         0            159            0.5        28.7479       0.287479
   10         0            195            0.5        36.4121       0.364121
   10         0            239            0.5        44.7612       0.447612
   10         0            283            0.5        52.4492       0.524492
   10         0            331            0.5        60.3628       0.603628
   10         0            383            0.5        68.5518       0.685518
   10         0            435            0.5        76.4406       0.764406
   10         0            491            0.5        84.6657       0.846657
   10         0            547            0.5        92.6523       0.926523
   10         0            607            0.5        100.977        1.00977
   10         0            663            0.5        108.553        1.08553
   10         0            723            0.5        116.481        1.16481
   10         0            787            0.5        124.741        1.24741
   10         0            851            0.5        132.816        1.32816
   10         0            915            0.5        140.721        1.40721
   10         0            983            0.5        148.948        1.48948
   10         0           1047            0.5        156.544        1.56544
   10         0           1119            0.5        164.931        1.64931
   10         0           1187            0.5         172.71         1.7271
   10         1            110            0.5        14.9039       0.149039
   10         1            138            0.5         22.329        0.22329
   10         1            178            0.5        30.7552       0.307552
   10         1            218            0.5        38.2864       0.382864
   10         1            266            0.5        46.7433       0.467433
   10         1            314            0.5        54.8049       0.548049
   10         1            362            0.5        62.5865       0.625865
   10         1            414            0.5        70.7721       0.707721
   10         1            466            0.5        78.7499       0.787499
   10         1            518            0.5        86.5519       0.865519
   10         1            574            0.5        94.7834       0.947834
   10         1            630            0.5        102.858        1.02858
   10         1            686            0.5        110.794        1.10794
   10         1            742            0.5        118.602        1.18602
   10         1            802            0.5        126.841        1.26841
   10         1            862            0.5        134.958        1.34958
   10         1            922            0.5        142.964        1.42964
   10         1            982            0.5        150.866        1.50866
   10         1           1042            0.5        158.672        1.58672
   10         1           1106            0.5          166.9          1.669
   10         1           1166            0.5        174.528        1.74528
   10         1           1230            0.5        182.577        1.82577
   10         2            121            0.5        15.3369       0.153369
   10         2            157            0.5        23.6567       0.236567
   10         2            197            0.5        31.9809       0.319809
   10         2            237            0.5        39.7492       0.397492
   10         2            281            0.5        47.8104       0.478104
   10         2            325            0.5        55.4511       0.554511
   10         2            373            0.5        63.3781       0.633781
   10         2            425            0.5        71.5538       0.715538
   10         2            481            0.5         79.949        0.79949
   10         2            537            0.5        87.9813       0.879813
   10         2            593            0.5        95.7015       0.957015
   10         2            653            0.5        103.674        1.03674
   10         2            717            0.5        111.885        1.11885
   10         2            781            0.5        119.832        1.19832
   10         2            845            0.5         127.55         1.2755
   10         2            917            0.5        135.996        1.35996
   10         2            985            0.5         143.77         1.4377
   10         2           1057            0.5        151.815        1.51815
   10         2           1129            0.5         159.69         1.5969
   10         2           1205            0.5        167.841        1.67841
   10         2           1281            0.5        175.846        1.75846
   10         3            105            0.5        17.5887       0.175887
   10         3            141            0.5        25.8022       0.258022
   10         3            177            0.5        33.5867       0.335867
   10         3            217            0.5        41.8321       0.418321
   10         3            257            0.5          49.72         0.4972
   10         3            297            0.5        57.3012       0.573012
   10         3            341            0.5        65.3323       0.653323
   10         3            389            0.5        73.7721       0.737721
   10         3            437            0.5        81.9184       0.819184
   10         3            485            0.5        89.8061       0.898061
   10         3            533            0.5        97.4646       0.974646
   10         3            585            0.5        105.531        1.05531
   10         3            641            0.5        113.979        1.13979
   10         3            693            0.5        121.625        1.21625
   10         3            749            0.5        129.668        1.29668
   10         3            805            0.5        137.532        1.37532
   10         3            865            0.5        145.779        1.45779
   10         3            925            0.5         153.86         1.5386
   10         3            985            0.5        161.789        1.61789
   10         3           1045            0.5        169.581        1.69581
   10         3           1109            0.5        177.756        1.77756
   11         0            132            0.5        18.4222       0.184222
   11         0            159            0.5        26.3593       0.263593
   11         0            192            0.5        34.8814       0.348814
   11         0            225            0.5        42.6102       0.426102
   11         0            261            0.5        50.4295       0.504295
   11         0            303            0.5        58.9627       0.589627
   11         0            342            0.5        66.4477       0.664477
   11         0            387            0.5        74.6654       0.746654
   11         0            432            0.5        82.5135       0.825135
   11         0            480            0.5        90.5448       0.905448
   11         0            531            0.5        98.7529       0.987529
   11         0            582            0.5        106.675        1.06675
   11         0            636            0.5        114.795        1.14795
   11         0            690            0.5        122.675        1.22675
   11         0            747            0.5        130.769        1.30769
   11         0            804            0.5        138.659        1.38659
   11         0            864            0.5        146.772        1.46772
   11         0            924            0.5        154.712        1.54712
   11         0            987            0.5        162.884        1.62884
   11         0           1050            0.5        170.907        1.70907
   11         0           1113            0.5        178.797        1.78797
   11         1            119            0.5        34.9854       0.349854
   11         1            155            0.5        41.5234       0.415234
   11         1            194            0.5        48.5164       0.485164
   11         1            236            0.5        55.9339       0.559339
   11         1            275            0.5        62.7075       0.627075
   11         1            317            0.5        69.8717       0.698717
   11         1            359            0.5         76.895        0.76895
   11         1            401            0.5        83.7745       0.837745
   11         1            446            0.5        90.9859       0.909859
   11         1            488            0.5        97.5701       0.975701
   11         1            536            0.5        104.928        1.04928
   11         1            581            0.5        111.674        1.11674
   11         1            629            0.5        118.716        1.18716
   11         1            677            0.5        125.614        1.25614
   11         1            728            0.5        132.801        1.32801
   11         1            779            0.5        139.858        1.39858
   11         1            830            0.5          146.8          1.468
   11         1            881            0.5        153.644        1.53644
   11         1            935            0.5          160.8          1.608
   11         1            989            0.5        167.878        1.67878
   11         1           1043            0.5        174.893        1.74893
   11         2            132            0.5        16.2629       0.162629
   11         2            165            0.5        23.7452       0.237452
   11         2            204            0.5        30.8762       0.308762
   11         2            246            0.5        37.8789       0.378789
   11         2            291            0.5        44.9769       0.449769
   11         2            336            0.5        51.8016       0.518016
   11         2            384            0.5        58.8593       0.588593
   11         2            432            0.5        65.7344       0.657344
   11         2            483            0.5        72.8727       0.728727
   11         2            534            0.5        79.8639       0.798639
   11         2            585            0.5        86.7255       0.867255
   11         2            639            0.5        93.8648       0.938648
   11         2            693            0.5        100.888        1.00888
   11         2            747            0.5        107.804        1.07804
   11         2            804            0.5        114.999        1.14999
   11         2            858            0.5        121.723        1.21723
   11         2            915            0.5        128.731        1.28731
   11         2            972            0.5        135.653        1.35653
   11         2           1032            0.5        142.852        1.42852
   11         2           1092            0.5        149.969        1.49969
   11         3            101            0.5        17.8621       0.178621
   11         3            133            0.5         25.334        0.25334
   11         3            169            0.5        32.3816       0.323816
   11         3            209            0.5        39.7251       0.397251
   11         3            249            0.5        46.7598       0.467598
   11         3            289            0.5        53.5616       0.535616
   11         3            333            0.5        60.8211       0.608211
   11         3            377            0.5        67.8798       0.678798
   11         3            421            0.5        74.7611       0.747611
   11         3            465            0.5        81.4833       0.814833
   11         3            513            0.5        88.6521       0.886521
   11         3            561            0.5        95.6649       0.956649
   11         3            609            0.5        102.535        1.02535
   11         3            661            0.5        109.829        1.09829
   11         3            713            0.5        116.982        1.16982
   11         3            761            0.5        123.468        1.23468
   11         3            817            0.5        130.905        1.30905
   11         3            869            0.5        137.694        1.37694
   11         3            925            0.5        144.888        1.44888
   11         3            981            0.5         151.97         1.5197
   11         3           1037            0.5        158.946        1.58946
   11         3           1093            0.5        165.825        1.65825
