 *tel    numcsi   CsIInVoltage     errCsIInVoltage           CsIE       errCsIE
    0         0      0.0233877    0.000233877        12.1865       0.121865
    0         0      0.0950042    0.000950042        25.4348       0.254348
    0         0       0.176876     0.00176876        38.6187       0.386187
    0         0       0.266972     0.00266972        51.9637       0.519637
    0         0       0.357205     0.00357205        64.9999       0.649999
    0         0       0.446813     0.00446813        77.9047       0.779047
    0         0       0.538127     0.00538127        90.7289       0.907289
    0         0         0.6281       0.006281         103.49         1.0349
    0         0       0.717665     0.00717665        116.196        1.16196
    0         0       0.815179     0.00815179        129.827        1.29827
    0         0       0.906454     0.00906454         142.44         1.4244
    0         0        1.00435      0.0100435        155.983        1.55983
    0         0        1.09721      0.0109721        168.527        1.68527
    0         0        1.19141      0.0119141        181.044        1.81044
    0         0        1.29503      0.0129503        194.499        1.94499
    0         0        1.40053      0.0140053        207.931        2.07931
    0         0        1.50017      0.0150017        220.388        2.20388
    0         0        1.60923      0.0160923        233.788        2.33788
    0         0        1.71174      0.0171174        246.219        2.46219
    0         0        1.82302      0.0182302        259.596        2.59596
    0         0        1.93489      0.0193489        272.962        2.72962
    0         1      0.0204121    0.000204121        12.0924       0.120924
    0         1       0.117926     0.00117926        27.7051       0.277051
    0         1       0.209965     0.00209965          42.49         0.4249
    0         1       0.310821     0.00310821        57.8565       0.578565
    0         1       0.411754     0.00411754        72.8157       0.728157
    0         1       0.512887     0.00512887         87.475        0.87475
    0         1       0.621866     0.00621866        102.932        1.02932
    0         1        0.72394      0.0072394         117.18         1.1718
    0         1       0.832221     0.00832221        132.299        1.32299
    0         1       0.941442     0.00941442          147.3          1.473
    0         1        1.05183      0.0105183         162.21         1.6221
    0         1        1.16413      0.0116413        177.048        1.77048
    0         1        1.28732      0.0128732        192.814        1.92814
    0         1        1.40552      0.0140552        207.549        2.07549
    0         1        1.52584      0.0152584        222.249        2.22249
    0         1        1.65595      0.0165595        237.898        2.37898
    0         1        1.78083      0.0178083        252.548        2.52548
    0         1        1.90499      0.0190499        267.179        2.67179
    0         1        2.03946      0.0203946        282.769        2.82769
    0         1        2.16568      0.0216568        297.372        2.97372
    0         1        2.29967      0.0229967        312.935        3.12935
    0         1        2.42691      0.0242691        327.516        3.27516
    0         2      0.0271294    0.000271294        12.9085       0.129085
    0         2       0.116301     0.00116301        26.9764       0.269764
    0         2       0.210145     0.00210145        41.2812       0.412812
    0         2       0.304014     0.00304014        55.1368       0.551368
    0         2       0.405502     0.00405502        69.7085       0.697085
    0         2       0.500981     0.00500981         82.993        0.82993
    0         2       0.602736     0.00602736        97.0902       0.970902
    0         2       0.704715     0.00704715        111.013        1.11013
    0         2       0.813536     0.00813536        125.773        1.25773
    0         2       0.915701     0.00915701        139.427        1.39427
    0         2        1.02655      0.0102655        153.948        1.53948
    0         2        1.13126      0.0113126        167.416        1.67416
    0         2        1.24695      0.0124695        181.769        1.81769
    0         2         1.3564       0.013564          195.1          1.951
    0         2        1.47632      0.0147632        209.326        2.09326
    0         2        1.59873      0.0159873        223.498        2.23498
    0         2        1.72313      0.0172313        237.622        2.37622
    0         2         1.8489       0.018489        251.703        2.51703
    0         2        1.97485      0.0197485        265.746        2.65746
    0         2        2.10099      0.0210099        279.751        2.79751
    0         2        2.22826      0.0222826        293.725        2.93725
    0         2        2.35626      0.0235626        307.665        3.07665
    0         3      0.0246106    0.000246106        14.0951       0.140951
    0         3       0.117585     0.00117585        28.5199       0.285199
    0         3       0.207512     0.00207512        41.9491       0.419491
    0         3       0.304458     0.00304458        56.0678       0.560678
    0         3        0.41037      0.0041037        70.9383       0.709383
    0         3       0.508003     0.00508003        84.5198       0.845198
    0         3       0.612895     0.00612895        98.9618       0.989618
    0         3       0.710987     0.00710987        112.239        1.12239
    0         3       0.815877     0.00815877        126.425        1.26425
    0         3        0.92139      0.0092139        140.519        1.40519
    0         3        1.02794      0.0102794        154.539        1.54539
    0         3        1.13618      0.0113618          168.5          1.685
    0         3        1.24685      0.0124685        182.411        1.82411
    0         3        1.36078      0.0136078        196.284        1.96284
    0         3        1.47631      0.0147631        210.124        2.10124
    0         3        1.60289      0.0160289        224.922        2.24922
    0         3        1.72239      0.0172239         238.71         2.3871
    0         3         1.8425       0.018425        252.478        2.52478
    0         3        1.96345      0.0196345         266.23         2.6623
    0         3        2.09472      0.0209472        280.948        2.80948
    0         3        2.21695      0.0221695        294.668        2.94668
    1         0      0.0274619    0.000274619         10.829        0.10829
    1         0       0.119715     0.00119715        27.6489       0.276489
    1         0       0.233655     0.00233655        44.8969       0.448969
    1         0        0.34831      0.0034831        61.0244       0.610244
    1         0       0.470975     0.00470975        77.9312       0.779312
    1         0       0.602339     0.00602339        95.7577       0.957577
    1         0       0.725649     0.00725649        112.331        1.12331
    1         0       0.856863     0.00856863        129.887        1.29887
    1         0       0.981406     0.00981406        146.247        1.46247
    1         0        1.11604      0.0111604        163.609        1.63609
    1         0        1.25461      0.0125461        180.892        1.80892
    1         0        1.38814      0.0138814        197.036        1.97036
    1         0        1.53376      0.0153376        214.201        2.14201
    1         0        1.68154      0.0168154        231.316        2.31316
    1         0        1.83253      0.0183253         248.39         2.4839
    1         0        1.98384      0.0198384        265.429        2.65429
    1         0        2.13619      0.0213619        282.436        2.82436
    1         0        2.28866      0.0228866        299.413        2.99413
    1         0        2.44228      0.0244228        316.366        3.16366
    1         0        2.59666      0.0259666        333.293        3.33293
    1         0        2.74987      0.0274987        350.196        3.50196
    1         1      0.0283392    0.000283392        12.7401       0.127401
    1         1       0.141278     0.00141278        30.0275       0.300275
    1         1       0.253558     0.00253558        46.6546       0.466546
    1         1       0.374784     0.00374784        64.2081       0.642081
    1         1       0.495609     0.00495609        81.4197       0.814197
    1         1       0.617017     0.00617017        98.3739       0.983739
    1         1       0.737949     0.00737949        115.128        1.15128
    1         1        0.86868      0.0086868        132.995        1.32995
    1         1       0.991089     0.00991089        149.451        1.49451
    1         1        1.11498      0.0111498        165.802        1.65802
    1         1        1.25248      0.0125248        183.312        1.83312
    1         1        1.39381      0.0139381        200.734        2.00734
    1         1        1.52823      0.0152823        216.843        2.16843
    1         1        1.67464      0.0167464        234.128        2.34128
    1         1        1.82444      0.0182444         251.35         2.5135
    1         1        1.97496      0.0197496         268.52         2.6852
    1         1         2.1258       0.021258        285.635        2.85635
    1         1         2.2779       0.022779        302.705        3.02705
    1         1        2.43031      0.0243031        319.727        3.19727
    1         1        2.58346      0.0258346        336.707        3.36707
    1         1          2.736        0.02736         353.64         3.5364
    1         2      0.0344103    0.000344103        14.7005       0.147005
    1         2       0.131967     0.00131967        29.3035       0.293035
    1         2        0.23273      0.0023273        44.4456       0.444456
    1         2       0.335319     0.00335319        59.1929       0.591929
    1         2       0.444459     0.00444459        74.6772       0.746772
    1         2       0.554047     0.00554047        89.9147       0.899147
    1         2        0.66357      0.0066357        104.963        1.04963
    1         2       0.772859     0.00772859        119.862        1.19862
    1         2       0.882775     0.00882775        134.641        1.34641
    1         2       0.993379     0.00993379        149.325        1.49325
    1         2        1.11372      0.0111372        164.902        1.64902
    1         2        1.22855      0.0122855        179.439        1.79439
    1         2        1.35429      0.0135429        194.885        1.94885
    1         2        1.47525      0.0147525        209.319        2.09319
    1         2        1.60679      0.0160679        224.672        2.24672
    1         2        1.73938      0.0173938        239.988        2.39988
    1         2         1.8647       0.018647        254.316        2.54316
    1         2        2.00059      0.0200059        269.569        2.69569
    1         2        2.13591      0.0213591        284.795        2.84795
    1         2        2.27239      0.0227239        299.996        2.99996
    1         2        2.40044      0.0240044        314.224        3.14224
    1         3      0.0269819    0.000269819        12.3534       0.123534
    1         3        0.11656      0.0011656        27.7006       0.277006
    1         3       0.210487     0.00210487        42.5973       0.425973
    1         3       0.311775     0.00311775        57.9136       0.579136
    1         3       0.414021     0.00414021        72.7811       0.727811
    1         3       0.515839     0.00515839        87.3449       0.873449
    1         3       0.625552     0.00625552        102.708        1.02708
    1         3       0.734451     0.00734451        117.889        1.17889
    1         3       0.843564     0.00843564        132.936        1.32936
    1         3       0.953555     0.00953555        147.883        1.47883
    1         3         1.0646       0.010646        162.754        1.62754
    1         3        1.17787      0.0117787        177.569        1.77569
    1         3        1.29383      0.0129383        192.342        1.92342
    1         3        1.41275      0.0141275        207.082        2.07082
    1         3         1.5425       0.015425        222.779        2.22779
    1         3        1.66593      0.0166593        237.477        2.37477
    1         3        1.79035      0.0179035        252.162        2.52162
    1         3        1.92386      0.0192386        267.815        2.67815
    1         3        2.05095      0.0205095        282.485        2.82485
    1         3        2.17758      0.0217758        297.149        2.97149
    1         3         2.3137       0.023137        312.785        3.12785
    2         0      0.0297253    0.000297253        10.4877       0.104877
    2         0       0.107809     0.00107809        24.9368       0.249368
    2         0       0.192659     0.00192659        38.0203       0.380203
    2         0       0.289959     0.00289959        52.5861       0.525861
    2         0       0.387756     0.00387756        66.9007       0.669007
    2         0       0.479747     0.00479747         80.032        0.80032
    2         0       0.577626     0.00577626        94.0107       0.940107
    2         0       0.682412     0.00682412        108.811        1.08811
    2         0       0.780554     0.00780554        122.475        1.22475
    2         0       0.886917     0.00886917        136.973        1.36973
    2         0       0.985782     0.00985782        150.387        1.50387
    2         0        1.09364      0.0109364        164.651        1.64651
    2         0        1.20312      0.0120312        178.817        1.78817
    2         0        1.31533      0.0131533        192.901        1.92901
    2         0        1.43041      0.0143041        206.913        2.06913
    2         0        1.54751      0.0154751        220.862        2.20862
    2         0        1.66651      0.0166651        234.758        2.34758
    2         0        1.78685      0.0178685        248.608        2.48608
    2         0        1.90787      0.0190787        262.417        2.62417
    2         0         2.0292       0.020292        276.191        2.76191
    2         0        2.15909      0.0215909        290.847        2.90847
    2         1      0.0228025    0.000228025        9.06757      0.0906757
    2         1      0.0928887    0.000928887        23.2092       0.232092
    2         1       0.171995     0.00171995         37.107        0.37107
    2         1       0.263354     0.00263354        51.8383       0.518383
    2         1       0.355364     0.00355364        65.9929       0.659929
    2         1       0.446687     0.00446687        79.8562       0.798562
    2         1       0.538692     0.00538692        93.5431       0.935431
    2         1       0.631559     0.00631559        107.111        1.07111
    2         1       0.729362     0.00729362        121.491        1.21491
    2         1       0.827087     0.00827087        135.803        1.35803
    2         1       0.919772     0.00919772        149.178        1.49178
    2         1        1.01921      0.0101921        163.414        1.63414
    2         1        1.11968      0.0111968         177.63         1.7763
    2         1        1.22377      0.0122377        191.834        1.91834
    2         1        1.32221      0.0132221        205.149        2.05149
    2         1        1.42918      0.0142918        219.352        2.19352
    2         1        1.53795      0.0153795        233.563        2.33563
    2         1          1.649        0.01649        247.785        2.47785
    2         1        1.75413      0.0175413        261.129        2.61129
    2         1        1.86681      0.0186681        275.377        2.75377
    2         1        1.97968      0.0197968        289.638        2.89638
    2         2      0.0308442    0.000308442        12.4054       0.124054
    2         2      0.0976373    0.000976373        23.1321       0.231321
    2         2       0.169885     0.00169885        34.2643       0.342643
    2         2       0.246526     0.00246526        45.8527       0.458527
    2         2        0.31898      0.0031898        56.2215       0.562215
    2         2       0.395918     0.00395918        67.1792       0.671792
    2         2       0.479613     0.00479613        78.7284       0.787284
    2         2       0.558078     0.00558078        89.2683       0.892683
    2         2       0.641271     0.00641271        100.461        1.00461
    2         2       0.724853     0.00724853        111.523        1.11523
    2         2       0.809235     0.00809235        122.481        1.22481
    2         2       0.892623     0.00892623        133.356        1.33356
    2         2       0.984534     0.00984534        144.934        1.44934
    2         2        1.06964      0.0106964        155.684        1.55684
    2         2        1.15591      0.0115591        166.394        1.66394
    2         2        1.25057      0.0125057        177.833        1.77833
    2         2        1.34133      0.0134133        188.482        1.88482
    2         2         1.4393       0.014393        199.872        1.99872
    2         2        1.53242      0.0153242        210.487        2.10487
    2         2        1.63381      0.0163381         221.85         2.2185
    2         2        1.72874      0.0172874        232.449        2.32449
    2         3      0.0247611    0.000247611         8.9158       0.089158
    2         3      0.0940251    0.000940251        22.6199       0.226199
    2         3        0.17166      0.0017166        35.5868       0.355868
    2         3       0.256965     0.00256965        48.4788       0.484788
    2         3       0.347714     0.00347714        61.8635       0.618635
    2         3       0.432396     0.00432396        74.1456       0.741456
    2         3       0.523437     0.00523437        87.1409       0.871409
    2         3       0.621371     0.00621371        100.846        1.00846
    2         3       0.711927     0.00711927        113.568        1.13568
    2         3       0.802597     0.00802597        126.182        1.26182
    2         3       0.900972     0.00900972        139.534        1.39534
    2         3       0.999059     0.00999059        152.794        1.52794
    2         3        1.09903      0.0109903        165.975        1.65975
    2         3        1.19364      0.0119364        178.271        1.78271
    2         3        1.29712      0.0129712         191.33         1.9133
    2         3        1.40279      0.0140279        204.339        2.04339
    2         3        1.51033      0.0151033        217.306        2.17306
    2         3        1.61983      0.0161983        230.235        2.30235
    2         3        1.73746      0.0173746        243.937        2.43937
    2         3        1.84904      0.0184904        256.806        2.56806
    2         3        1.96102      0.0196102        269.649        2.69649
    2         3        2.07327      0.0207327        282.475        2.82475
    3         0      0.0262482    0.000262482        10.7372       0.107372
    3         0      0.0857723    0.000857723        22.3518       0.223518
    3         0       0.155799     0.00155799        33.7935       0.337935
    3         0       0.225893     0.00225893        44.2735       0.442735
    3         0       0.301949     0.00301949        55.1855       0.551855
    3         0       0.383455     0.00383455        66.6734       0.666734
    3         0       0.466244     0.00466244         77.986        0.77986
    3         0       0.541703     0.00541703        88.3712       0.883712
    3         0        0.62389      0.0062389        99.4489       0.994489
    3         0       0.706208     0.00706208        110.432        1.10432
    3         0       0.787747     0.00787747        121.333        1.21333
    3         0       0.876836     0.00876836        132.935        1.32935
    3         0       0.959166     0.00959166        143.699        1.43699
    3         0        1.04212      0.0104212        154.411        1.54411
    3         0        1.13347      0.0113347        165.838        1.65838
    3         0        1.21955      0.0121955        176.461        1.76461
    3         0        1.31313      0.0131313        187.807        1.87807
    3         0        1.40261      0.0140261        198.367        1.98367
    3         0        1.49964      0.0149964        209.654        2.09654
    3         0        1.59802      0.0159802        220.916        2.20916
    3         0        1.69162      0.0169162        231.408        2.31408
    3         1      0.0336156    0.000336156        12.7144       0.127144
    3         1      0.0846502    0.000846502        21.2185       0.212185
    3         1       0.142086     0.00142086        30.8555       0.308555
    3         1       0.195774     0.00195774        39.2797       0.392797
    3         1       0.259234     0.00259234         48.842        0.48842
    3         1       0.317182     0.00317182        57.3679       0.573679
    3         1       0.381139     0.00381139        66.3464       0.663464
    3         1       0.449161     0.00449161        75.7776       0.757776
    3         1        0.51281      0.0051281        84.3606       0.843606
    3         1        0.58115      0.0058115        93.4561       0.934561
    3         1       0.649956     0.00649956        102.431        1.02431
    3         1       0.723178     0.00723178        111.943        1.11943
    3         1       0.791094     0.00791094        120.747        1.20747
    3         1       0.860502     0.00860502        129.497        1.29497
    3         1       0.933741     0.00933741        138.828        1.38828
    3         1        1.00342      0.0100342        147.507        1.47507
    3         1        1.07861      0.0107861        156.785        1.56785
    3         1        1.14888      0.0114888        165.432        1.65432
    3         1        1.22713      0.0122713        174.692        1.74692
    3         1        1.30538      0.0130538        183.951        1.83951
    3         1         1.3791       0.013791        192.597        1.92597
    3         1        1.45992      0.0145992         201.87         2.0187
    3         2      0.0323869    0.000323869        14.9188       0.149188
    3         2      0.0719989    0.000719989        24.4307       0.244307
    3         2       0.119401     0.00119401        34.9268       0.349268
    3         2       0.165144     0.00165144        44.8635       0.448635
    3         2       0.212333     0.00212333        54.3975       0.543975
    3         2       0.262586     0.00262586        64.3327       0.643327
    3         2       0.315875     0.00315875        74.6928       0.746928
    3         2       0.370549     0.00370549        84.8345       0.848345
    3         2       0.424105     0.00424105        94.8134       0.948134
    3         2       0.478355     0.00478355        104.672        1.04672
    3         2        0.53176      0.0053176        114.442        1.14442
    3         2       0.589756     0.00589756        124.792        1.24792
    3         2       0.644103     0.00644103        134.449        1.34449
    3         2       0.701181     0.00701181        144.719        1.44719
    3         2       0.758903     0.00758903         154.97         1.5497
    3         2       0.812499     0.00812499        164.574        1.64574
    3         2       0.871211     0.00871211        174.819        1.74819
    3         2       0.924927     0.00924927        184.433        1.84433
    3         2       0.983702     0.00983702        194.702        1.94702
    3         2        1.04166      0.0104166         204.99         2.0499
    3         2        1.09799      0.0109799        214.657        2.14657
    3         3       0.022973     0.00022973        9.39416      0.0939416
    3         3      0.0828694    0.000828694        20.9973       0.209973
    3         3       0.147887     0.00147887        31.7155       0.317155
    3         3       0.218502     0.00218502        42.5146       0.425146
    3         3       0.294679     0.00294679        53.6576       0.536576
    3         3       0.371404     0.00371404        64.4184       0.644184
    3         3       0.454301     0.00454301        75.6934       0.756934
    3         3       0.536531     0.00536531         86.718        0.86718
    3         3       0.619259     0.00619259        97.5462       0.975462
    3         3       0.708064     0.00708064        108.976        1.08976
    3         3       0.790229     0.00790229        119.516        1.19516
    3         3       0.879873     0.00879873        130.701        1.30701
    3         3       0.968956     0.00968956        141.799        1.41799
    3         3         1.0588       0.010588        152.829        1.52829
    3         3        1.15083      0.0115083        163.807        1.63807
    3         3        1.24426      0.0124426        174.747        1.74747
    3         3        1.33962      0.0133962        185.657        1.85657
    3         3         1.4363       0.014363        196.548        1.96548
    3         3         1.5346       0.015346        207.426        2.07426
    3         3         1.6342       0.016342        218.298        2.18298
    3         3         1.7417       0.017417        229.892        2.29892
    4         0      0.0141645    0.000141645        6.76896      0.0676896
    4         0      0.0675553    0.000675553        18.8678       0.188678
    4         0       0.122753     0.00122753        29.2851       0.292851
    4         0       0.192352     0.00192352        40.9137       0.409137
    4         0       0.262143     0.00262143        51.8772       0.518772
    4         0       0.331336     0.00331336        62.4733       0.624733
    4         0       0.405565     0.00405565        73.4962       0.734962
    4         0       0.484723     0.00484723        84.9647       0.849647
    4         0       0.558846     0.00558846        95.5723       0.955723
    4         0       0.637319     0.00637319        106.679        1.06679
    4         0       0.716412     0.00716412        117.646        1.17646
    4         0       0.795402     0.00795402        128.493        1.28493
    4         0       0.878364     0.00878364        139.871        1.39871
    4         0       0.957981     0.00957981        150.531        1.50531
    4         0         1.0416       0.010416        161.743        1.61743
    4         0        1.12737      0.0112737        172.889        1.72889
    4         0        1.21493      0.0121493        183.981        1.83981
    4         0        1.29767      0.0129767        194.416        1.94416
    4         0        1.38826      0.0138826        205.428        2.05428
    4         0        1.47912      0.0147912        216.409        2.16409
    4         1      0.0198815    0.000198815        8.30273      0.0830273
    4         1      0.0698464    0.000698464        19.4944       0.194944
    4         1       0.129293     0.00129293        30.6322       0.306322
    4         1       0.194003     0.00194003        41.2878       0.412878
    4         1       0.268372     0.00268372        52.8096       0.528096
    4         1        0.34419      0.0034419        63.8662       0.638662
    4         1       0.419743     0.00419743        74.6841       0.746841
    4         1       0.495191     0.00495191        85.3639       0.853639
    4         1       0.575208     0.00575208        96.7068       0.967068
    4         1       0.656051     0.00656051        107.977        1.07977
    4         1        0.73165      0.0073165        118.446        1.18446
    4         1       0.811583     0.00811583        129.621        1.29621
    4         1       0.892654     0.00892654        140.762        1.40762
    4         1       0.974001     0.00974001        151.874        1.51874
    4         1         1.0555       0.010555        162.962        1.62962
    4         1        1.13244      0.0113244        173.296        1.73296
    4         1        1.21693      0.0121693        184.351        1.84351
    4         1        1.30186      0.0130186        195.395        1.95395
    4         1         1.3892       0.013892        206.429        2.06429
    4         1        1.47794      0.0147794        217.455        2.17455
    4         1        1.56646      0.0156646        228.473        2.28473
    4         2       0.021394     0.00021394        7.99734      0.0799734
    4         2      0.0815972    0.000815972        19.5423       0.195423
    4         2       0.146239     0.00146239        30.3214       0.303214
    4         2        0.22259      0.0022259        41.9532       0.419532
    4         2       0.300656     0.00300656        52.8544       0.528544
    4         2       0.377675     0.00377675        63.3436       0.633436
    4         2       0.461833     0.00461833        74.4147       0.744147
    4         2       0.544834     0.00544834        85.2781       0.852781
    4         2       0.635693     0.00635693        96.8099       0.968099
    4         2         0.7187       0.007187        107.399        1.07399
    4         2       0.809068     0.00809068        118.705        1.18705
    4         2       0.899669     0.00899669        129.927        1.29927
    4         2        0.98351      0.0098351        140.289        1.40289
    4         2        1.07596      0.0107596        151.394        1.51394
    4         2        1.16846      0.0116846        162.456        1.62456
    4         2        1.26334      0.0126334        173.481        1.73481
    4         2        1.36095      0.0136095        184.476        1.84476
    4         2        1.45898      0.0145898        195.446        1.95446
    4         2        1.55892      0.0155892        206.398        2.06398
    4         2        1.65961      0.0165961        217.333        2.17333
    4         2        1.76261      0.0176261        228.258        2.28258
    4         3      0.0206936    0.000206936        7.85505      0.0785505
    4         3      0.0740647    0.000740647        18.9219       0.189219
    4         3       0.125328     0.00125328        28.1951       0.281951
    4         3       0.187313     0.00187313        38.2575       0.382575
    4         3       0.252672     0.00252672        48.4777       0.484777
    4         3       0.319706     0.00319706        58.2884       0.582884
    4         3       0.390554     0.00390554        68.5544       0.685544
    4         3       0.462574     0.00462574        78.5963       0.785963
    4         3       0.534593     0.00534593        88.4653       0.884653
    4         3       0.610422     0.00610422        98.8859       0.988859
    4         3       0.682429     0.00682429        108.493        1.08493
    4         3       0.758384     0.00758384         118.68         1.1868
    4         3       0.835412     0.00835412        128.775        1.28775
    4         3       0.912183     0.00912183        138.791        1.38791
    4         3        0.98944      0.0098944        148.741        1.48741
    4         3        1.06682      0.0106682        158.632        1.58632
    4         3        1.14593      0.0114593        168.475        1.68475
    4         3        1.23191      0.0123191        178.928        1.78928
    4         3        1.31296      0.0131296         188.69         1.8869
    4         3        1.39599      0.0139599        198.422        1.98422
    4         3        1.48584      0.0148584        208.774        2.08774
    5         0      0.0250537    0.000250537        10.7424       0.107424
    5         0      0.0765171    0.000765171        20.6237       0.206237
    5         0       0.135778     0.00135778          30.59         0.3059
    5         0       0.199561     0.00199561        40.3345       0.403345
    5         0       0.273487     0.00273487        50.9643       0.509643
    5         0       0.343039     0.00343039        60.5979       0.605979
    5         0       0.416467     0.00416467        70.7528       0.707528
    5         0       0.491105     0.00491105        80.7993       0.807993
    5         0       0.564906     0.00564906        90.7686       0.907686
    5         0       0.638801     0.00638801        100.678        1.00678
    5         0       0.713334     0.00713334        110.537        1.10537
    5         0       0.786684     0.00786684        120.354        1.20354
    5         0        0.86605      0.0086605        130.785        1.30785
    5         0       0.940663     0.00940663        140.531        1.40531
    5         0        1.01987      0.0101987        150.897        1.50897
    5         0        1.09602      0.0109602         160.59         1.6059
    5         0        1.17708      0.0117708        170.906        1.70906
    5         0        1.25564      0.0125564        180.559        1.80559
    5         0        1.33937      0.0133937        190.838        1.90838
    5         0        1.42053      0.0142053        200.461        2.00461
    5         0        1.50675      0.0150675        210.713        2.10713
    5         0         1.5948       0.015948        220.952        2.20952
    5         1      0.0165039    0.000165039        6.79727      0.0679727
    5         1      0.0795132    0.000795132        18.4342       0.184342
    5         1       0.152632     0.00152632        29.5464       0.295464
    5         1       0.239155     0.00239155        40.9394       0.409394
    5         1       0.326346     0.00326346        51.5975       0.515975
    5         1       0.419993     0.00419993        62.7383       0.627383
    5         1       0.513841     0.00513841          73.71         0.7371
    5         1       0.607886     0.00607886        84.5821       0.845821
    5         1        0.70114      0.0070114        95.3835       0.953835
    5         1       0.802136     0.00802136        106.894        1.06894
    5         1       0.895319     0.00895319        117.589        1.17589
    5         1       0.990279     0.00990279        128.244        1.28244
    5         1        1.09176      0.0109176        139.622        1.39622
    5         1        1.19681      0.0119681        150.967        1.50967
    5         1        1.29557      0.0129557         161.53         1.6153
    5         1        1.40401      0.0140401        172.825        1.72825
    5         1        1.50731      0.0150731        183.348        1.83348
    5         1        1.61868      0.0161868        194.609        1.94609
    5         1        1.73221      0.0173221        205.856        2.05856
    5         1        1.83836      0.0183836        216.343        2.16343
    5         1        1.95226      0.0195226        227.572        2.27572
    5         2      0.0335224    0.000335224        11.7424       0.117424
    5         2      0.0964823    0.000964823        20.4218       0.204218
    5         2       0.163677     0.00163677        29.5482       0.295482
    5         2        0.22998      0.0022998        38.3125       0.383125
    5         2       0.303313     0.00303313        47.5194       0.475194
    5         2       0.376027     0.00376027        56.4119       0.564119
    5         2       0.455634     0.00455634        65.7516       0.657516
    5         2       0.534302     0.00534302        74.8437       0.748437
    5         2       0.613657     0.00613657        83.7392       0.837392
    5         2       0.692433     0.00692433        92.4805       0.924805
    5         2       0.777637     0.00777637        101.762        1.01762
    5         2       0.862567     0.00862567        110.939        1.10939
    5         2       0.942026     0.00942026        119.392        1.19392
    5         2        1.02864      0.0102864         128.44         1.2844
    5         2        1.11512      0.0111512        137.449        1.37449
    5         2        1.20367      0.0120367        146.431        1.46431
    5         2        1.29419      0.0129419        155.397        1.55397
    5         2        1.39184      0.0139184        164.995        1.64995
    5         2        1.48592      0.0148592        173.951        1.73951
    5         2        1.58035      0.0158035         182.91         1.8291
    5         2        1.67528      0.0167528        191.877        1.91877
    5         3      0.0223306    0.000223306        8.09824      0.0809824
    5         3      0.0897491    0.000897491        17.0589       0.170589
    5         3       0.179735     0.00179735        26.7974       0.267974
    5         3       0.269603     0.00269603        35.4928       0.354928
    5         3       0.367957     0.00367957        44.4556       0.444556
    5         3       0.474898     0.00474898        53.7961       0.537961
    5         3       0.580707     0.00580707        62.8584       0.628584
    5         3        0.68727      0.0068727         71.699        0.71699
    5         3       0.793722     0.00793722        80.3545       0.803545
    5         3       0.907973     0.00907973        89.5011       0.895011
    5         3        1.02372      0.0102372        98.4945       0.984945
    5         3        1.14887      0.0114887        107.986        1.07986
    5         3        1.26891      0.0126891        116.732        1.16732
    5         3        1.39246      0.0139246        125.385        1.25385
    5         3        1.52646      0.0152646        134.569        1.34569
    5         3        1.66315      0.0166315        143.677        1.43677
    5         3        1.80217      0.0180217        152.721        1.52721
    5         3        1.94125      0.0194125        161.711        1.61711
    5         3        2.08092      0.0208092        170.656        1.70656
    5         3        2.22088      0.0222088        179.565        1.79565
    5         3        2.36123      0.0236123        188.442        1.88442
    6         0      0.0221445    0.000221445        10.9305       0.109305
    6         0      0.0672808    0.000672808        21.1766       0.211766
    6         0       0.126995     0.00126995        32.3629       0.323629
    6         0       0.194531     0.00194531        43.9471       0.439471
    6         0       0.262964     0.00262964        54.7722       0.547722
    6         0       0.336711     0.00336711        65.8791       0.658791
    6         0       0.409227     0.00409227        76.6414       0.766414
    6         0       0.487774     0.00487774        87.8423       0.878423
    6         0       0.565748     0.00565748        98.8222       0.988222
    6         0       0.643613     0.00643613        109.629        1.09629
    6         0       0.727135     0.00727135        120.961        1.20961
    6         0       0.804445     0.00804445        131.513        1.31513
    6         0       0.887956     0.00887956        142.628        1.42628
    6         0          0.971        0.00971        153.663        1.53663
    6         0        1.05537      0.0105537        164.636        1.64636
    6         0        1.14068      0.0114068         175.56         1.7556
    6         0         1.2271       0.012271        186.446        1.86446
    6         0        1.32012      0.0132012        197.941        1.97941
    6         0        1.41067      0.0141067        208.775        2.08775
    6         0        1.50117      0.0150117        219.594        2.19594
    6         1      0.0245442    0.000245442        9.81475      0.0981475
    6         1      0.0856876    0.000856876        21.7628       0.217628
    6         1       0.151469     0.00151469        32.6418       0.326418
    6         1       0.222343     0.00222343        43.6082       0.436082
    6         1       0.294227     0.00294227        54.1578       0.541578
    6         1       0.370862     0.00370862        65.3096       0.653096
    6         1       0.448701     0.00448701        76.2532       0.762532
    6         1       0.531606     0.00531606         87.855        0.87855
    6         1       0.609011     0.00609011        98.4866       0.984866
    6         1       0.692718     0.00692718        109.809        1.09809
    6         1       0.769337     0.00769337        120.224        1.20224
    6         1       0.853153     0.00853153         131.35         1.3135
    6         1       0.936178     0.00936178        142.399        1.42399
    6         1        1.02086      0.0102086        153.384        1.53384
    6         1        1.10583      0.0110583        164.315        1.64315
    6         1        1.19876      0.0119876         175.98         1.7598
    6         1        1.28615      0.0128615         186.83         1.8683
    6         1        1.37667      0.0137667        197.652        1.97652
    6         1        1.46745      0.0146745        208.451        2.08451
    6         1         1.5596       0.015596        219.234        2.19234
    6         1        1.66011      0.0166011         230.77         2.3077
    6         2      0.0248703    0.000248703        10.9115       0.109115
    6         2      0.0687435    0.000687435        19.8746       0.198746
    6         2       0.115935     0.00115935        28.9917       0.289917
    6         2       0.162831     0.00162831        37.2978       0.372978
    6         2       0.218803     0.00218803        46.5032       0.465032
    6         2       0.279445     0.00279445        55.8269       0.558269
    6         2       0.340836     0.00340836        64.6857       0.646857
    6         2       0.406703     0.00406703        73.8644       0.738644
    6         2       0.471893     0.00471893        82.7795       0.827795
    6         2        0.53808      0.0053808         91.509        0.91509
    6         2       0.608794     0.00608794        100.719        1.00719
    6         2       0.678528     0.00678528         109.83         1.0983
    6         2       0.749224     0.00749224        118.877        1.18877
    6         2       0.819996     0.00819996         127.89         1.2789
    6         2       0.889542     0.00889542        136.888        1.36888
    6         2       0.961001     0.00961001        145.888        1.45888
    6         2        1.03254      0.0103254        154.904        1.54904
    6         2        1.10435      0.0110435        163.945        1.63945
    6         2        1.17217      0.0117217        172.415        1.72415
    6         2        1.24664      0.0124664        181.528        1.81528
    6         3      0.0231478    0.000231478        10.8129       0.108129
    6         3      0.0624695    0.000624695        19.9029       0.199029
    6         3       0.106948     0.00106948        28.3631       0.283631
    6         3       0.160295     0.00160295        37.4726       0.374726
    6         3       0.217875     0.00217875        46.6668       0.466668
    6         3       0.275231     0.00275231        55.4754       0.554754
    6         3         0.3384       0.003384        64.7802       0.647802
    6         3       0.401256     0.00401256        73.9301       0.739301
    6         3       0.463396     0.00463396        82.9705       0.829705
    6         3       0.526398     0.00526398        91.9259       0.919259
    6         3        0.58933      0.0058933        100.811        1.00811
    6         3       0.651211     0.00651211        109.636        1.09636
    6         3       0.714225     0.00714225        118.409        1.18409
    6         3        0.78217      0.0078217        127.805        1.27805
    6         3       0.843833     0.00843833        136.487        1.36487
    6         3       0.912115     0.00912115        145.799        1.45799
    6         3       0.975588     0.00975588        154.412        1.54412
    6         3        1.04336      0.0104336        163.657        1.63657
    6         3        1.11248      0.0111248        172.873        1.72873
    6         3         1.1778       0.011778        181.409        1.81409
    6         3        1.24807      0.0124807        190.582        1.90582
    6         3         1.3205       0.013205        199.734        1.99734
    7         0      0.0191649    0.000191649        10.2619       0.102619
    7         0      0.0648149    0.000648149        19.3906       0.193906
    7         0       0.117971     0.00117971        28.8229       0.288229
    7         0       0.171972     0.00171972        37.6035       0.376035
    7         0       0.229777     0.00229777        46.7438       0.467438
    7         0       0.288313     0.00288313        55.5617       0.555617
    7         0       0.352194     0.00352194        64.8407       0.648407
    7         0       0.415536     0.00415536        73.8974       0.738974
    7         0       0.478681     0.00478681        82.7773       0.827773
    7         0       0.542569     0.00542569         91.513        0.91513
    7         0       0.610592     0.00610592        100.789        1.00789
    7         0       0.678659     0.00678659        109.953        1.09953
    7         0       0.742525     0.00742525        118.378        1.18378
    7         0       0.810577     0.00810577        127.375        1.27375
    7         0       0.883802     0.00883802        136.944        1.36944
    7         0       0.952944     0.00952944        145.818        1.45818
    7         0         1.0215       0.010215        154.647        1.54647
    7         0        1.09122      0.0109122        163.438        1.63438
    7         0         1.1674       0.011674        172.822        1.72822
    7         0        1.23839      0.0123839        181.552        1.81552
    7         0        1.31708      0.0131708        190.882        1.90882
    7         1       0.026616     0.00026616        9.56246      0.0956246
    7         1      0.0720362    0.000720362        18.8326       0.188326
    7         1       0.120229     0.00120229        27.5146       0.275146
    7         1       0.178019     0.00178019        36.7602       0.367602
    7         1       0.239587     0.00239587        45.9956       0.459956
    7         1       0.302284     0.00302284        54.7747       0.547747
    7         1       0.369929     0.00369929        63.9219       0.639219
    7         1       0.436526     0.00436526        72.8611       0.728611
    7         1       0.504184     0.00504184         81.655        0.81655
    7         1       0.576586     0.00576586        90.9584       0.909584
    7         1       0.643013     0.00643013        99.5561       0.995561
    7         1       0.715561     0.00715561        108.696        1.08696
    7         1       0.787914     0.00787914        117.776        1.17776
    7         1       0.859363     0.00859363        126.806        1.26806
    7         1       0.931931     0.00931931        135.797        1.35797
    7         1        1.00514      0.0100514        144.756        1.44756
    7         1        1.07776      0.0107776        153.687        1.53687
    7         1        1.15228      0.0115228        162.597        1.62597
    7         1         1.2275       0.012275         171.49         1.7149
    7         1        1.30908      0.0130908         180.96         1.8096
    7         2      0.0238729    0.000238729        8.83389      0.0883389
    7         2      0.0553673    0.000553673        15.7951       0.157951
    7         2      0.0892118    0.000892118         22.565        0.22565
    7         2       0.127313     0.00127313        29.3697       0.293697
    7         2       0.172863     0.00172863        36.9427       0.369427
    7         2       0.214972     0.00214972        43.5152       0.435152
    7         2       0.264287     0.00264287         50.966        0.50966
    7         2       0.309498     0.00309498        57.6157       0.576157
    7         2        0.35938      0.0035938        64.6271       0.646271
    7         2       0.412944     0.00412944        71.9986       0.719986
    7         2       0.462698     0.00462698        78.7066       0.787066
    7         2       0.515781     0.00515781        85.8082       0.858082
    7         2       0.568938     0.00568938        92.8024       0.928024
    7         2       0.622516     0.00622516        99.7054       0.997054
    7         2       0.676225     0.00676225        106.531        1.06531
    7         2       0.732652     0.00732652         113.77         1.1377
    7         2        0.79012      0.0079012        120.944        1.20944
    7         2        0.84364      0.0084364        127.589        1.27589
    7         2         0.9009       0.009009        134.663        1.34663
    7         2       0.958041     0.00958041        141.695        1.41695
    7         2        1.01607      0.0101607        148.692        1.48692
    7         2        1.07458      0.0107458        155.658        1.55658
    7         3      0.0198024    0.000198024        10.9398       0.109398
    7         3      0.0686613    0.000686613        19.8666       0.198666
    7         3       0.126398     0.00126398        28.8529       0.288529
    7         3       0.186065     0.00186065        37.9789       0.379789
    7         3       0.246595     0.00246595        46.8232       0.468232
    7         3       0.307178     0.00307178         55.477        0.55477
    7         3       0.371493     0.00371493        64.5507       0.645507
    7         3       0.435847     0.00435847        73.4965       0.734965
    7         3       0.504638     0.00504638        82.8883       0.828883
    7         3       0.568486     0.00568486        91.6389       0.916389
    7         3       0.637476     0.00637476        100.858        1.00858
    7         3       0.702032     0.00702032         109.47         1.0947
    7         3       0.770239     0.00770239        118.564        1.18564
    7         3       0.839065     0.00839065        127.604        1.27604
    7         3       0.907754     0.00907754        136.599        1.36599
    7         3       0.976625     0.00976625        145.555        1.45555
    7         3        1.05033      0.0105033        154.998        1.54998
    7         3        1.12018      0.0112018        163.884        1.63884
    7         3        1.19188      0.0119188        172.742        1.72742
    7         3        1.26374      0.0126374        181.576        1.81576
    7         3        1.34195      0.0134195        190.904        1.90904
    8         0      0.0314237    0.000314237        8.42591      0.0842591
    8         0      0.0643439    0.000643439        16.6618       0.166618
    8         0       0.100556     0.00100556        24.4493       0.244493
    8         0       0.143352     0.00143352        32.7496       0.327496
    8         0       0.186082     0.00186082        40.4618       0.404618
    8         0       0.236985     0.00236985        48.8848       0.488848
    8         0       0.288538     0.00288538        56.9501       0.569501
    8         0       0.340045     0.00340045        64.7518       0.647518
    8         0       0.394425     0.00394425        72.8505       0.728505
    8         0       0.449191     0.00449191        80.7683       0.807683
    8         0       0.504305     0.00504305        88.5418       0.885418
    8         0       0.562742     0.00562742        96.6731       0.966731
    8         0       0.621247     0.00621247        104.698        1.04698
    8         0       0.679793     0.00679793        112.636        1.12636
    8         0       0.741003     0.00741003        120.964        1.20964
    8         0       0.799335     0.00799335         128.77         1.2877
    8         0       0.861413     0.00861413        136.987        1.36987
    8         0       0.920391     0.00920391        144.709        1.44709
    8         0       0.983141     0.00983141        152.853        1.52853
    8         0         1.0462       0.010462        160.973        1.60973
    8         1      0.0259769    0.000259769        9.97567      0.0997567
    8         1      0.0608523    0.000608523        16.8684       0.168684
    8         1      0.0992153    0.000992153        23.9314       0.239314
    8         1       0.137578     0.00137578        30.5741       0.305741
    8         1       0.182916     0.00182916        37.9853       0.379853
    8         1       0.224766     0.00224766        44.4803       0.444803
    8         1       0.273593     0.00273593        51.7173       0.517173
    8         1       0.322416     0.00322416        58.6587       0.586587
    8         1        0.37476      0.0037476        65.8358       0.658358
    8         1       0.427232     0.00427232        72.8004       0.728004
    8         1       0.478761     0.00478761        79.5994       0.795994
    8         1       0.534502     0.00534502         86.709        0.86709
    8         1       0.590436     0.00590436        93.7057       0.937057
    8         1        0.64625      0.0064625        100.617        1.00617
    8         1        0.70559      0.0070559        107.889        1.07889
    8         1       0.761582     0.00761582        114.685        1.14685
    8         1       0.820284     0.00820284         121.87         1.2187
    8         1       0.876148     0.00876148        128.608        1.28608
    8         1       0.935998     0.00935998        135.752        1.35752
    8         1       0.996163     0.00996163        142.889        1.42889
    8         1        1.05324      0.0105324        149.606        1.49606
    8         1        1.11373      0.0111373        156.745        1.56745
    8         1        1.17551      0.0117551        163.893        1.63893
    8         2      0.0282881    0.000282881        8.76071      0.0876071
    8         2      0.0645236    0.000645236        17.4886       0.174886
    8         2       0.109818     0.00109818        26.3902       0.263902
    8         2       0.164151     0.00164151        35.8714       0.358714
    8         2       0.219488     0.00219488        44.7433       0.447433
    8         2       0.280734     0.00280734        53.9653       0.539653
    8         2       0.340048     0.00340048        62.9087       0.629087
    8         2        0.40042      0.0040042        71.6363       0.716363
    8         2       0.465671     0.00465671        80.8363       0.808363
    8         2       0.530001     0.00530001        89.8617       0.898617
    8         2       0.595237     0.00595237        98.7372       0.987372
    8         2       0.660281     0.00660281        107.483        1.07483
    8         2       0.730339     0.00730339        116.728        1.16728
    8         2       0.799225     0.00799225        125.861        1.25861
    8         2       0.869379     0.00869379        134.897        1.34897
    8         2       0.939908     0.00939908        143.848        1.43848
    8         2        1.01025      0.0101025        152.725        1.52725
    8         2        1.08164      0.0108164        161.537        1.61537
    8         2        1.15934      0.0115934        170.876        1.70876
    8         2         1.2319       0.012319        179.579        1.79579
    8         3      0.0278791    0.000278791        11.4422       0.114422
    8         3      0.0576115    0.000576115        17.5884       0.175884
    8         3      0.0903171    0.000903171        23.5441       0.235441
    8         3       0.125996     0.00125996        29.6734       0.296734
    8         3       0.161654     0.00161654        35.5798       0.355798
    8         3       0.201174     0.00201174        41.8042       0.418042
    8         3       0.239954     0.00239954        47.8904       0.478904
    8         3        0.27927      0.0027927        53.8654       0.538654
    8         3       0.318931     0.00318931        59.7475       0.597475
    8         3       0.361628     0.00361628        65.9939       0.659939
    8         3         0.4011       0.004011        71.7227       0.717227
    8         3         0.4428       0.004428        77.8251       0.778251
    8         3        0.48537      0.0048537        83.8659       0.838659
    8         3       0.528158     0.00528158        89.8523       0.898523
    8         3       0.570955     0.00570955        95.7899       0.957899
    8         3       0.612913     0.00612913        101.683        1.01683
    8         3       0.657871     0.00657871        107.954        1.07954
    8         3       0.700774     0.00700774         113.77         1.1377
    8         3       0.746172     0.00746172        119.965        1.19965
    8         3       0.787905     0.00787905        125.717        1.25717
    8         3       0.833573     0.00833573        131.849        1.31849
    8         3       0.879402     0.00879402        137.953        1.37953
    9         0       0.011272     0.00011272        9.90876      0.0990876
    9         0      0.0416672    0.000416672        16.3241       0.163241
    9         0      0.0834605    0.000834605        23.7148       0.237148
    9         0       0.125254     0.00125254         30.548        0.30548
    9         0       0.170287     0.00170287        37.6725       0.376725
    9         0       0.210389     0.00210389        44.5699       0.445699
    9         0       0.256455     0.00256455        51.8544       0.518544
    9         0       0.301635     0.00301635        58.9856       0.589856
    9         0       0.347019     0.00347019         65.992        0.65992
    9         0        0.39253      0.0039253        72.8933       0.728933
    9         0       0.437131     0.00437131        79.7045       0.797045
    9         0       0.486108     0.00486108        86.9523       0.869523
    9         0        0.53165      0.0053165        93.6112       0.936112
    9         0       0.580639     0.00580639        100.714        1.00714
    9         0       0.629617     0.00629617        107.755        1.07755
    9         0       0.678716     0.00678716         114.74         1.1474
    9         0       0.726885     0.00726885        121.674        1.21674
    9         0        0.77595      0.0077595        128.563        1.28563
    9         0       0.828521     0.00828521        135.899        1.35899
    9         0       0.877815     0.00877815        142.706        1.42706
    9         0       0.930872     0.00930872        149.963        1.49963
    9         0       0.980502     0.00980502        156.703        1.56703
    9         1       0.027726     0.00027726         11.462        0.11462
    9         1      0.0658763    0.000658763        19.6812       0.196812
    9         1       0.110963     0.00110963        27.9807       0.279807
    9         1       0.156117     0.00156117        35.7781       0.357781
    9         1       0.204572     0.00204572        43.8809       0.438809
    9         1       0.254657     0.00254657        51.7847       0.517847
    9         1       0.303706     0.00303706        59.5435       0.595435
    9         1       0.355867     0.00355867        67.7318       0.677318
    9         1       0.408837     0.00408837        75.8153       0.758153
    9         1       0.461837     0.00461837        83.8118       0.838118
    9         1       0.514877     0.00514877        91.7337       0.917337
    9         1       0.568128     0.00568128        99.5914       0.995914
    9         1        0.62396      0.0062396         107.91         1.0791
    9         1       0.676803     0.00676803        115.657        1.15657
    9         1       0.733377     0.00733377        123.871        1.23871
    9         1        0.78653      0.0078653         131.53         1.3153
    9         1       0.843101     0.00843101        139.659        1.39659
    9         1       0.899923     0.00899923        147.749        1.47749
    9         1       0.956392     0.00956392        155.804        1.55804
    9         1        1.01403      0.0101403        163.827        1.63827
    9         1        1.07188      0.0107188         171.82         1.7182
    9         2      0.0260341    0.000260341         12.905        0.12905
    9         2      0.0691608    0.000691608        20.9526       0.209526
    9         2       0.115881     0.00115881        28.5597       0.285597
    9         2       0.169613     0.00169613        36.8488       0.368488
    9         2       0.220592     0.00220592         44.863        0.44863
    9         2       0.273139     0.00273139        52.7024       0.527024
    9         2       0.328707     0.00328707        60.9268       0.609268
    9         2       0.380937     0.00380937        68.5383       0.685383
    9         2       0.436619     0.00436619        76.5738       0.765738
    9         2       0.491483     0.00491483        84.5378       0.845378
    9         2       0.550788     0.00550788        92.9349       0.929349
    9         2       0.606531     0.00606531        100.786        1.00786
    9         2       0.662291     0.00662291        108.594        1.08594
    9         2       0.721752     0.00721752        116.848        1.16848
    9         2       0.776715     0.00776715        124.583        1.24583
    9         2       0.835966     0.00835966        132.769        1.32769
    9         2        0.89568      0.0089568        140.926        1.40926
    9         2       0.951883     0.00951883        148.579        1.48579
    9         2        1.01222      0.0101222        156.686        1.56686
    9         2        1.07188      0.0107188        164.773        1.64773
    9         2         1.1332       0.011332         172.84         1.7284
    9         3      0.0262451    0.000262451        9.55948      0.0955948
    9         3      0.0583697    0.000583697        16.4766       0.164766
    9         3      0.0992555    0.000992555        23.7232       0.237232
    9         3       0.143062     0.00143062        30.8284       0.308284
    9         3       0.187796     0.00187796        37.5818       0.375818
    9         3       0.236914     0.00236914        44.9649       0.449649
    9         3       0.283478     0.00283478        51.7252       0.517252
    9         3        0.33306      0.0033306        58.7549       0.587549
    9         3       0.383266     0.00383266        65.6581       0.656581
    9         3       0.436395     0.00436395        72.8542       0.728542
    9         3       0.488321     0.00488321        79.9528       0.799528
    9         3       0.541395     0.00541395        86.9683       0.869683
    9         3        0.59454      0.0059454        93.9124       0.939124
    9         3       0.647514     0.00647514        100.794        1.00794
    9         3        0.69959      0.0069959        107.622        1.07622
    9         3       0.755703     0.00755703        114.777        1.14777
    9         3       0.811817     0.00811817        121.884        1.21884
    9         3       0.867132     0.00867132        128.949        1.28949
    9         3       0.923144     0.00923144        135.977        1.35977
    9         3       0.979899     0.00979899        142.971        1.42971
    9         3        1.03683      0.0103683        149.935        1.49935
   10         0      0.0244225    0.000244225        6.34911      0.0634911
   10         0       0.050175     0.00050175        12.8936       0.128936
   10         0      0.0791465    0.000791465        18.9819       0.189819
   10         0       0.111337     0.00111337        24.9965       0.249965
   10         0       0.143528     0.00143528        30.5967       0.305967
   10         0       0.179885     0.00179885        36.4783       0.364783
   10         0       0.218042     0.00218042        42.6767       0.426767
   10         0       0.257683     0.00257683        48.7097       0.487097
   10         0       0.296733     0.00296733        54.6106       0.546106
   10         0       0.339263     0.00339263         60.878        0.60878
   10         0       0.378558     0.00378558        66.5616       0.665616
   10         0       0.421018     0.00421018        72.6213       0.726213
   10         0       0.463569     0.00463569        78.5893       0.785893
   10         0       0.509602     0.00509602        84.9243       0.849243
   10         0       0.552006     0.00552006        90.7291       0.907291
   10         0       0.597232     0.00597232        96.9052       0.969052
   10         0        0.63982      0.0063982        102.577        1.02577
   10         0       0.685705     0.00685705        108.622        1.08622
   10         0       0.731658     0.00731658        114.609        1.14609
   10         0       0.780928     0.00780928        120.964        1.20964
   10         0       0.826643     0.00826643        126.846        1.26846
   10         0       0.872771     0.00872771        132.685        1.32685
   10         1      0.0269828    0.000269828        9.28642      0.0928642
   10         1      0.0627042    0.000627042        16.5319       0.165319
   10         1        0.10557      0.0010557        23.7767       0.237767
   10         1       0.148436     0.00148436        30.5135       0.305135
   10         1       0.195777     0.00195777        37.5181       0.375181
   10         1       0.246908     0.00246908         44.844        0.44844
   10         1       0.294556     0.00294556        51.5018       0.515018
   10         1       0.344729     0.00344729        58.5518       0.585518
   10         1       0.399803     0.00399803        65.9938       0.659938
   10         1       0.451139     0.00451139        72.8531       0.728531
   10         1         0.5025       0.005025         79.641        0.79641
   10         1       0.557206     0.00557206        86.8453       0.868453
   10         1       0.611505     0.00611505        93.9871       0.939871
   10         1       0.663042     0.00663042        100.603        1.00603
   10         1       0.717952     0.00717952        107.643        1.07643
   10         1       0.773232     0.00773232        114.638        1.14638
   10         1       0.827383     0.00827383        121.593        1.21593
   10         1       0.886413     0.00886413         128.97         1.2897
   10         1       0.941871     0.00941871        135.851        1.35851
   10         1       0.997742     0.00997742        142.701        1.42701
   10         1        1.05714      0.0105714        149.975        1.49975
   10         2     0.00936573    9.36573e-05        7.28439      0.0728439
   10         2      0.0530946    0.000530946        14.6961       0.146961
   10         2      0.0968235    0.000968235        21.4522       0.214522
   10         2       0.148503     0.00148503        28.9485       0.289485
   10         2       0.190767     0.00190767        35.5144       0.355144
   10         2       0.239587     0.00239587        42.8337       0.428337
   10         2       0.288655     0.00288655        49.8564       0.498564
   10         2       0.337801     0.00337801        56.6377       0.566377
   10         2       0.390396     0.00390396        63.6847       0.636847
   10         2       0.446556     0.00446556        70.9974       0.709974
   10         2       0.498361     0.00498361        77.6956       0.776956
   10         2       0.554747     0.00554747        84.7027       0.847027
   10         2        0.61103      0.0061103        91.5916       0.915916
   10         2       0.670771     0.00670771        98.8047       0.988047
   10         2       0.730557     0.00730557        105.927        1.05927
   10         2       0.789302     0.00789302        112.975        1.12975
   10         2       0.849121     0.00849121        119.963        1.19963
   10         2       0.909233     0.00909233        126.901        1.26901
   10         2       0.969605     0.00969605        133.798        1.33798
   10         2        1.03029      0.0103029        140.663        1.40663
   10         2        1.09435      0.0109435        147.904        1.47904
   10         3      0.0401056    0.000401056        11.9292       0.119292
   10         3      0.0765023    0.000765023        18.8274       0.188274
   10         3       0.112899     0.00112899        25.3901       0.253901
   10         3       0.156499     0.00156499        32.9308       0.329308
   10         3       0.197618     0.00197618        39.5856       0.395856
   10         3       0.242835     0.00242835        46.6147       0.466147
   10         3        0.28694      0.0028694        53.4425       0.534425
   10         3       0.335651     0.00335651        60.6477       0.606477
   10         3       0.384598     0.00384598        67.6842       0.676842
   10         3        0.43348      0.0043348        74.5763       0.745763
   10         3       0.485405     0.00485405        81.8607       0.818607
   10         3       0.534121     0.00534121        88.5139       0.885139
   10         3        0.58681      0.0058681        95.5752       0.955752
   10         3       0.639377     0.00639377        102.543        1.02543
   10         3       0.695792     0.00695792        109.919        1.09919
   10         3       0.747542     0.00747542        116.729        1.16729
   10         3       0.804082     0.00804082        123.957        1.23957
   10         3        0.85675      0.0085675        130.646        1.30646
   10         3       0.913661     0.00913661         137.76         1.3776
   10         3        0.96974      0.0096974        144.825        1.44825
   11         0      0.0372124    0.000372124        10.7804       0.107804
   11         0      0.0633322    0.000633322        16.9123       0.169123
   11         0      0.0920639    0.000920639        22.9777       0.229777
   11         0       0.120796     0.00120796        28.6166       0.286166
   11         0       0.154747     0.00154747        34.9105       0.349105
   11         0       0.188914     0.00188914        40.9117       0.409117
   11         0       0.223079     0.00223079        46.6896       0.466896
   11         0       0.261327     0.00261327        52.7137       0.527137
   11         0       0.301747     0.00301747        58.9848       0.589848
   11         0       0.339583     0.00339583        64.6977       0.646977
   11         0       0.380149     0.00380149        70.6945       0.706945
   11         0       0.422767     0.00422767        76.9737       0.769737
   11         0       0.462944     0.00462944        82.7688       0.827688
   11         0        0.50637      0.0050637        88.8681       0.888681
   11         0        0.54966      0.0054966        94.8972       0.948972
   11         0       0.592976     0.00592976        100.867        1.00867
   11         0       0.636212     0.00636212        106.788        1.06788
   11         0       0.679264     0.00679264        112.667        1.12667
   11         0       0.724591     0.00724591        118.877        1.18877
   11         0       0.767741     0.00767741        124.692        1.24692
   11         0       0.813708     0.00813708        130.847        1.30847
   11         0       0.859614     0.00859614        136.982        1.36982
   11         0       0.903211     0.00903211        142.741        1.42741
   11         1       0.036405     0.00036405        14.6747       0.146747
   11         1      0.0737136    0.000737136        20.8883       0.208883
   11         1       0.108152     0.00108152        26.5385       0.265385
   11         1       0.145461     0.00145461        32.5646       0.325646
   11         1       0.185759     0.00185759        38.9371       0.389371
   11         1       0.224245     0.00224245        44.7411       0.447411
   11         1        0.26492      0.0026492        50.8693       0.508693
   11         1       0.305903     0.00305903        56.8747       0.568747
   11         1       0.347267     0.00347267        62.7656       0.627656
   11         1       0.391545     0.00391545        68.9621       0.689621
   11         1       0.432675     0.00432675        74.6518       0.746518
   11         1       0.476401     0.00476401        80.6626       0.806626
   11         1       0.523498     0.00523498        86.9946       0.869946
   11         1       0.567955     0.00567955        92.8725       0.928725
   11         1       0.612158     0.00612158        98.7084       0.987084
   11         1       0.658938     0.00658938          104.9          1.049
   11         1       0.702936     0.00702936        110.687        1.10687
   11         1       0.750321     0.00750321         116.85         1.1685
   11         1       0.794515     0.00794515        122.627        1.22627
   11         1       0.841332     0.00841332        128.797        1.28797
   11         1       0.888344     0.00888344        134.981        1.34981
   11         1         0.9331       0.009331        140.796        1.40796
   11         1       0.977774     0.00977774        146.633        1.46633
   11         2      0.0269787    0.000269787        10.8106       0.108106
   11         2      0.0508958    0.000508958        15.7021       0.157021
   11         2      0.0795963    0.000795963        20.7742       0.207742
   11         2       0.110689     0.00110689        25.9173       0.259173
   11         2       0.141781     0.00141781        30.8672       0.308672
   11         2       0.173037     0.00173037        35.6917       0.356917
   11         2       0.206925     0.00206925        40.7853       0.407853
   11         2       0.240858     0.00240858        45.7965       0.457965
   11         2       0.274836     0.00274836        50.7405       0.507405
   11         2       0.310912     0.00310912        55.9753       0.559753
   11         2       0.344359     0.00344359        60.8109       0.608109
   11         2       0.380752     0.00380752        65.9449       0.659449
   11         2        0.41485      0.0041485        70.6977       0.706977
   11         2       0.451375     0.00451375        75.7528       0.757528
   11         2       0.488014     0.00488014        80.7729       0.807729
   11         2        0.52455      0.0052455        85.7612       0.857612
   11         2       0.561011     0.00561011        90.7205       0.907205
   11         2       0.599873     0.00599873         95.981        0.95981
   11         2       0.636322     0.00636322        100.888        1.00888
   11         2       0.672893     0.00672893        105.772        1.05772
   11         2       0.711819     0.00711819        110.958        1.10958
   11         2       0.748273     0.00748273          115.8          1.158
   11         2       0.787303     0.00787303        120.945        1.20945
   11         2       0.823877     0.00823877        125.751        1.25751
   11         3      0.0253185    0.000253185        11.4329       0.114329
   11         3      0.0573787    0.000573787        17.4682       0.174682
   11         3      0.0930011    0.000930011        23.4995       0.234995
   11         3       0.132186     0.00132186        29.8341       0.298341
   11         3       0.171506     0.00171506        35.9651       0.359651
   11         3       0.210987     0.00210987        41.9395       0.419395
   11         3        0.25195      0.0025195        47.7845       0.477845
   11         3       0.292058     0.00292058        53.5187       0.535187
   11         3       0.334922     0.00334922        59.6635       0.596635
   11         3       0.378577     0.00378577        65.7068       0.657068
   11         3       0.422554     0.00422554        71.6596       0.716596
   11         3       0.466364     0.00466364        77.5314       0.775314
   11         3       0.514065     0.00514065        83.8102       0.838102
   11         3       0.557639     0.00557639        89.5371       0.895371
   11         3       0.604435     0.00604435        95.6737       0.956737
   11         3       0.652119     0.00652119        101.746        1.01746
   11         3       0.699704     0.00699704         107.76         1.0776
   11         3         0.7474       0.007474         113.72         1.1372
   11         3       0.794812     0.00794812        119.631        1.19631
   11         3       0.845095     0.00845095        125.946        1.25946
   11         3       0.893046     0.00893046        131.767        1.31767
   11         3       0.944605     0.00944605        137.991        1.37991
