 *tel    numcsi   CsIInVoltage     errCsIInVoltage           CsIE       errCsIE
    0         0      0.0258517    0.000258517        20.9371       0.209371
    0         0      0.0685448    0.000685448        31.8525       0.318525
    0         0       0.115411     0.00115411        42.1765       0.421765
    0         0       0.169954     0.00169954        53.2327       0.532327
    0         0         0.2304       0.002304        64.3061       0.643061
    0         0       0.294168     0.00294168        75.6301       0.756301
    0         0       0.359547     0.00359547        86.5658       0.865658
    0         0        0.42846      0.0042846        97.9871       0.979871
    0         0       0.493768     0.00493768        108.437        1.08437
    0         0       0.563234     0.00563234        119.451        1.19451
    0         0       0.632754     0.00632754        130.301        1.30301
    0         0       0.705947     0.00705947        141.714        1.41714
    0         0       0.781053     0.00781053        152.977        1.52977
    0         0       0.849616     0.00849616        163.413        1.63413
    0         0       0.925306     0.00925306        174.422        1.74422
    0         0        1.00435      0.0100435        185.992        1.85992
    0         0        1.08082      0.0108082        196.769        1.96769
    0         0        1.15726      0.0115726        207.447        2.07447
    0         0        1.23973      0.0123973        218.692        2.18692
    0         0        1.32525      0.0132525        229.839        2.29839
    0         0        1.41091      0.0141091        240.897        2.40897
    0         0        1.49755      0.0149755        251.872        2.51872
    0         1      0.0204121    0.000204121        19.4352       0.194352
    0         1        0.09478      0.0009478        34.3782       0.343782
    0         1       0.173487     0.00173487        49.7853       0.497853
    0         1       0.252358     0.00252358         64.451        0.64451
    0         1       0.339963     0.00339963        79.7844       0.797844
    0         1       0.426448     0.00426448         94.551        0.94551
    0         1       0.512887     0.00512887        108.846        1.08846
    0         1       0.607645     0.00607645        123.884        1.23884
    0         1       0.709269     0.00709269        139.637        1.39637
    0         1       0.802971     0.00802971        153.917        1.53917
    0         1        0.90433      0.0090433        168.974        1.68974
    0         1        1.01476      0.0101476        184.787        1.84787
    0         1        1.11859      0.0111859         199.29         1.9929
    0         1        1.23298      0.0123298        214.591        2.14591
    0         1         1.3499       0.013499        229.676        2.29676
    0         1        1.46881      0.0146881        244.574        2.44574
    0         1         1.5905       0.015905        259.309        2.59309
    0         1         1.7225       0.017225        274.869        2.74869
    0         1        1.84731      0.0184731        289.326        2.89326
    0         1        1.98075      0.0198075        304.625        3.04625
    0         1        2.11435      0.0211435        319.815        3.19815
    0         2      0.0258548    0.000258548        20.2524       0.202524
    0         2      0.0946633    0.000946633        33.8416       0.338416
    0         2       0.172218     0.00172218        48.5632       0.485632
    0         2       0.251429     0.00251429         62.611        0.62611
    0         2       0.329761     0.00329761        76.1588       0.761588
    0         2       0.414049     0.00414049        90.2924       0.902924
    0         2       0.505746     0.00505746        104.993        1.04993
    0         2       0.590727     0.00590727        118.359        1.18359
    0         2        0.68119      0.0068119        132.351        1.32351
    0         2       0.778187     0.00778187        146.947        1.46947
    0         2       0.869291     0.00869291         160.36         1.6036
    0         2       0.967974     0.00967974        174.412        1.74412
    0         2         1.0667       0.010667        188.231        1.88231
    0         2        1.17357      0.0117357        202.685        2.02685
    0         2        1.28282      0.0128282        216.929        2.16929
    0         2        1.39483      0.0139483        230.986        2.30986
    0         2        1.50924      0.0150924        244.875        2.44875
    0         2        1.62532      0.0162532        258.613        2.58613
    0         2         1.7429       0.017429        272.213        2.72213
    0         2        1.86859      0.0186859        286.481        2.86481
    0         2        1.99425      0.0199425        300.623        3.00623
    0         3      0.0233842    0.000233842        21.6471       0.216471
    0         3      0.0880336    0.000880336        34.5765       0.345765
    0         3       0.158203     0.00158203        47.3351       0.473351
    0         3       0.232808     0.00232808        60.6223       0.606223
    0         3       0.306959     0.00306959        73.4418       0.734418
    0         3       0.389395     0.00389395         86.905        0.86905
    0         3       0.470304     0.00470304        99.9973       0.999973
    0         3       0.551278     0.00551278        112.772        1.12772
    0         3       0.632674     0.00632674         125.27         1.2527
    0         3        0.72116      0.0072116        138.459        1.38459
    0         3       0.808237     0.00808237        151.399        1.51399
    0         3       0.895831     0.00895831        164.121        1.64121
    0         3       0.991748     0.00991748        177.536        1.77536
    0         3        1.08768      0.0108768        190.751        1.90751
    0         3        1.18522      0.0118522         203.79         2.0379
    0         3         1.2851       0.012851         216.67         2.1667
    0         3        1.38669      0.0138669        229.406        2.29406
    0         3        1.49743      0.0149743        242.851        2.42851
    0         3        1.60289      0.0160289        255.336        2.55336
    0         3        1.71671      0.0171671        268.538        2.68538
    0         3        1.83123      0.0183123        281.633        2.81633
    1         0      0.0262005    0.000262005        16.9526       0.169526
    1         0      0.0849804    0.000849804        31.7059       0.317059
    1         0       0.154897     0.00154897        46.6962       0.466962
    1         0       0.231287     0.00231287        61.0938       0.610938
    1         0       0.322395     0.00322395        76.7389       0.767389
    1         0       0.413831     0.00413831        91.5921       0.915921
    1         0       0.505614     0.00505614        105.958        1.05958
    1         0       0.603521     0.00603521        121.041        1.21041
    1         0        0.70941      0.0070941        136.846        1.36846
    1         0        0.80786      0.0080786        151.317        1.51317
    1         0        0.91451      0.0091451        166.558        1.66558
    1         0        1.02123      0.0102123        181.557        1.81557
    1         0        1.12962      0.0112962        196.336        1.96336
    1         0        1.24827      0.0124827        211.883        2.11883
    1         0        1.36199      0.0136199        226.272        2.26272
    1         0        1.48632      0.0148632        241.442        2.41442
    1         0        1.61289      0.0161289        256.444        2.56444
    1         0        1.74074      0.0174074        271.293        2.71293
    1         0        1.87833      0.0187833         286.92         2.8692
    1         0        2.00788      0.0200788        301.499        3.01499
    1         0        2.14738      0.0214738        316.866        3.16866
    1         0        2.27793      0.0227793        331.223        3.31223
    1         1      0.0333099    0.000333099        21.9765       0.219765
    1         1        0.11843      0.0011843        37.6166       0.376166
    1         1       0.209216     0.00209216        53.8166       0.538166
    1         1       0.299356     0.00299356        69.4346       0.694346
    1         1       0.398027     0.00398027        85.7243       0.857243
    1         1       0.495609     0.00495609        101.553        1.01553
    1         1       0.593323     0.00593323        116.986        1.16986
    1         1       0.697768     0.00697768        133.144        1.33144
    1         1       0.803352     0.00803352        148.962        1.48962
    1         1       0.915842     0.00915842        165.505        1.65505
    1         1        1.02946      0.0102946        181.751        1.81751
    1         1         1.1446       0.011446        197.735        1.97735
    1         1        1.26257      0.0126257        213.486        2.13486
    1         1        1.39124      0.0139124        229.997        2.29997
    1         1        1.51527      0.0151527        245.346        2.45346
    1         1        1.64845      0.0164845        261.475        2.61475
    1         1        1.78363      0.0178363        277.437        2.77437
    1         1        1.92069      0.0192069        293.251        2.93251
    1         1        2.06669      0.0206669        309.848        3.09848
    1         1        2.20403      0.0220403          325.4          3.254
    1         1        2.35138      0.0235138        341.749        3.41749
    1         2      0.0318352    0.000318352        22.9303       0.229303
    1         2       0.101115     0.00101115        35.5964       0.355964
    1         2       0.173346     0.00173346        48.8482       0.488482
    1         2       0.245803     0.00245803        61.6411       0.616411
    1         2       0.319433     0.00319433        74.0533       0.740533
    1         2       0.397774     0.00397774         87.134        0.87134
    1         2       0.482858     0.00482858        100.855        1.00855
    1         2       0.562735     0.00562735        113.299        1.13299
    1         2       0.647551     0.00647551        126.422        1.26422
    1         2       0.732418     0.00732418         139.29         1.3929
    1         2        0.82466      0.0082466        152.826        1.52826
    1         2       0.909976     0.00909976        165.252        1.65252
    1         2        1.00211      0.0100211        178.366        1.78366
    1         2        1.09644      0.0109644        191.296        1.91296
    1         2        1.19803      0.0119803        204.906        2.04906
    1         2        1.29534      0.0129534        217.512        2.17512
    1         2         1.4018       0.014018        230.812        2.30812
    1         2        1.50965      0.0150965        243.975        2.43975
    1         2        1.61237      0.0161237        256.202        2.56202
    1         2        1.72983      0.0172983        269.941        2.69941
    1         2        1.84127      0.0184127        282.767        2.82767
    1         2         1.9533       0.019533        295.502        2.95502
    1         3      0.0256955    0.000256955         18.177        0.18177
    1         3      0.0827469    0.000827469        30.9934       0.309934
    1         3       0.149603     0.00149603        44.5242       0.445242
    1         3       0.215375     0.00215375        57.1348       0.571348
    1         3       0.287616     0.00287616        70.2323       0.702323
    1         3       0.367103     0.00367103        83.8475       0.838475
    1         3        0.44519      0.0044519        96.9925       0.969925
    1         3       0.524159     0.00524159        109.753        1.09753
    1         3       0.603462     0.00603462        122.189        1.22189
    1         3       0.687879     0.00687879        135.275        1.35275
    1         3       0.778691     0.00778691        148.992        1.48992
    1         3       0.864633     0.00864633        161.549        1.61549
    1         3       0.956049     0.00956049        174.776        1.74776
    1         3        1.04817      0.0104817        187.797        1.87797
    1         3        1.14291      0.0114291        200.637        2.00637
    1         3        1.23845      0.0123845        213.319        2.13319
    1         3        1.34267      0.0134267        226.692        2.26692
    1         3        1.44962      0.0144962        239.923        2.39923
    1         3        1.55084      0.0155084        252.214        2.52214
    1         3        1.66039      0.0166039        265.218        2.65218
    1         3        1.77811      0.0177811        278.927        2.78927
    1         3        1.88923      0.0188923        291.739        2.91739
    2         0      0.0284385    0.000284385        16.4909       0.164909
    2         0      0.0760926    0.000760926        29.2477       0.292477
    2         0       0.134813     0.00134813        42.0393       0.420393
    2         0       0.205378     0.00205378        55.4983       0.554983
    2         0       0.274587     0.00274587        68.0765       0.680765
    2         0       0.351008     0.00351008        81.2018       0.812018
    2         0       0.432307     0.00432307         94.959        0.94959
    2         0       0.508674     0.00508674        107.456        1.07456
    2         0       0.590584     0.00590584         120.65         1.2065
    2         0        0.67173      0.0067173        133.592        1.33592
    2         0       0.754097     0.00754097        146.301        1.46301
    2         0       0.841922     0.00841922        159.677        1.59677
    2         0       0.929828     0.00929828        172.822        1.72822
    2         0         1.0186       0.010186        185.753        1.85753
    2         0        1.10958      0.0110958        198.488        1.98488
    2         0        1.20689      0.0120689        211.874        2.11874
    2         0        1.29995      0.0129995        224.251        2.24251
    2         0        1.40223      0.0140223        237.287        2.37287
    2         0        1.51195      0.0151195        250.963        2.50963
    2         0         1.6169       0.016169        263.687        2.63687
    2         0        1.72399      0.0172399        276.278        2.76278
    2         1      0.0228025    0.000228025        14.4006       0.144006
    2         1      0.0679264    0.000679264        26.7351       0.267351
    2         1        0.12314      0.0012314        40.1613       0.401613
    2         1       0.183925     0.00183925        53.3781       0.533781
    2         1       0.251264     0.00251264        66.7415       0.667415
    2         1       0.317982     0.00317982        79.3427       0.793427
    2         1       0.392422     0.00392422        92.5052       0.925052
    2         1       0.465349     0.00465349        105.224        1.05224
    2         1       0.544777     0.00544777        118.618        1.18618
    2         1       0.625419     0.00625419        131.688        1.31688
    2         1       0.704456     0.00704456         144.49         1.4449
    2         1       0.783816     0.00783816        157.062        1.57062
    2         1       0.871025     0.00871025         170.38         1.7038
    2         1        0.95707      0.0095707        183.496        1.83496
    2         1        1.04422      0.0104422        196.435        1.96435
    2         1         1.1323       0.011323        209.219        2.09219
    2         1        1.23022      0.0123022        222.763        2.22763
    2         1        1.32221      0.0132221        235.276        2.35276
    2         1        1.42246      0.0142246        248.563        2.48563
    2         1        1.52442      0.0152442        261.739        2.61739
    2         1        1.62801      0.0162801        274.816        2.74816
    2         2      0.0282488    0.000282488        19.4814       0.194814
    2         2      0.0774504    0.000774504        29.2733       0.292733
    2         2       0.129976     0.00129976        39.5436       0.395436
    2         2       0.183058     0.00183058        49.3923       0.493923
    2         2       0.239437     0.00239437        59.7341       0.597341
    2         2       0.297214     0.00297214        69.7178       0.697178
    2         2       0.354653     0.00354653        79.3925       0.793925
    2         2       0.416501     0.00416501        89.5701       0.895701
    2         2       0.478439     0.00478439        99.4721       0.994721
    2         2       0.545884     0.00545884        109.866        1.09866
    2         2       0.608259     0.00608259        119.295        1.19295
    2         2       0.679962     0.00679962        129.942        1.29942
    2         2       0.746173     0.00746173        139.679        1.39679
    2         2       0.818916     0.00818916         149.92         1.4992
    2         2       0.890221     0.00890221        159.985        1.59985
    2         2       0.963799     0.00963799        169.894        1.69894
    2         2        1.03614      0.0103614         179.66         1.7966
    2         2        1.11465      0.0111465        189.939        1.89939
    2         2        1.19027      0.0119027        199.457        1.99457
    2         2        1.27107      0.0127107        209.497        2.09497
    2         2          1.354        0.01354         219.43         2.1943
    2         3      0.0235034    0.000235034        12.5182       0.125182
    2         3      0.0637324    0.000637324        24.0357       0.240357
    2         3        0.11783      0.0011783        36.9165       0.369165
    2         3       0.170448     0.00170448        48.1037       0.481037
    2         3       0.234025     0.00234025        60.2079       0.602079
    2         3       0.301185     0.00301185        72.4872       0.724872
    2         3       0.369896     0.00369896        84.2818       0.842818
    2         3        0.44203      0.0044203        96.5415       0.965415
    2         3       0.515119     0.00515119        108.496        1.08496
    2         3       0.592976     0.00592976        120.968        1.20968
    2         3       0.665836     0.00665836         132.43         1.3243
    2         3       0.743781     0.00743781        144.437        1.44437
    2         3       0.825948     0.00825948        156.969        1.56969
    2         3        0.90456      0.0090456        168.573        1.68573
    2         3       0.988127     0.00988127        180.715        1.80715
    2         3         1.0722       0.010722        192.682        1.92682
    2         3        1.15797      0.0115797        204.487        2.04487
    2         3        1.25042      0.0125042        216.827        2.16827
    2         3         1.3393       0.013393        228.342        2.28342
    2         3        1.43512      0.0143512        240.399        2.40399
    2         3        1.53807      0.0153807         252.99         2.5299
    3         0      0.0250569    0.000250569        18.4594       0.184594
    3         0       0.063491     0.00063491        28.8925       0.288925
    3         0       0.116996     0.00116996        40.8101       0.408101
    3         0        0.16628      0.0016628        51.2229       0.512229
    3         0       0.227028     0.00227028        62.4807       0.624807
    3         0       0.292427     0.00292427        73.8715       0.738715
    3         0       0.358159     0.00358159         84.787        0.84787
    3         0       0.423332     0.00423332        95.3708       0.953708
    3         0       0.494435     0.00494435        106.428        1.06428
    3         0       0.569003     0.00569003        117.957        1.17957
    3         0       0.638884     0.00638884        128.554        1.28554
    3         0       0.714519     0.00714519        139.657        1.39657
    3         0       0.788914     0.00788914        150.574        1.50574
    3         0       0.869743     0.00869743         161.99         1.6199
    3         0       0.944696     0.00944696        172.576        1.72576
    3         0        1.02544      0.0102544        183.671        1.83671
    3         0        1.10799      0.0110799         194.62         1.9462
    3         0        1.19078      0.0119078        205.437        2.05437
    3         0           1.28         0.0128        216.758        2.16758
    3         0        1.37235      0.0137235        227.953        2.27953
    3         0        1.45973      0.0145973        238.421        2.38421
    3         0        1.55339      0.0155339        249.402        2.49402
    3         1      0.0282605    0.000282605        22.0259       0.220259
    3         1      0.0846502    0.000846502        33.8213       0.338213
    3         1       0.137346     0.00137346        44.9153       0.449153
    3         1       0.190825     0.00190825        55.4421       0.554421
    3         1       0.249648     0.00249648         66.386        0.66386
    3         1       0.312254     0.00312254        77.7072       0.777072
    3         1       0.376269     0.00376269        88.5592       0.885592
    3         1        0.44423      0.0044423        99.8027       0.998027
    3         1        0.51281      0.0051281        110.655        1.10655
    3         1       0.586137     0.00586137        121.915        1.21915
    3         1       0.659541     0.00659541         132.85         1.3285
    3         1        0.73307      0.0073307        143.507        1.43507
    3         1       0.810682     0.00810682        154.611        1.54611
    3         1       0.890087     0.00890087        165.481        1.65481
    3         1       0.973904     0.00973904        176.811        1.76811
    3         1        1.05824      0.0105824        187.944        1.87944
    3         1        1.14374      0.0114374        198.909        1.98909
    3         1        1.23227      0.0123227        209.727        2.09727
    3         1        1.32143      0.0132143        220.418        2.20418
    3         1        1.41732      0.0141732        231.618        2.31618
    3         1        1.51481      0.0151481        242.709        2.42709
    3         2      0.0249064    0.000249064        21.0992       0.210992
    3         2       0.061439     0.00061439        32.2831       0.322831
    3         2       0.101784     0.00101784        43.6482       0.436482
    3         2       0.140334     0.00140334        54.2713       0.542713
    3         2       0.183203     0.00183203        65.1997       0.651997
    3         2       0.230481     0.00230481        76.4207       0.764207
    3         2        0.28019      0.0028019        87.9301       0.879301
    3         2       0.330401     0.00330401        98.9584       0.989584
    3         2       0.381424     0.00381424        109.594        1.09594
    3         2       0.434759     0.00434759        120.629        1.20629
    3         2        0.48924      0.0048924        131.354        1.31354
    3         2       0.546015     0.00546015        142.509        1.42509
    3         2       0.604398     0.00604398        153.418        1.53418
    3         2       0.665327     0.00665327        164.782        1.64782
    3         2       0.726752     0.00726752        175.949        1.75949
    3         2        0.78719      0.0078719         186.95         1.8695
    3         2       0.849233     0.00849233        197.812        1.97812
    3         2       0.910629     0.00910629        208.554        2.08554
    3         2       0.976383     0.00976383        219.817        2.19817
    3         2        1.04166      0.0104166        230.985        2.30985
    3         2        1.10553      0.0110553        241.459        2.41459
    3         3      0.0217896    0.000217896         15.844        0.15844
    3         3      0.0651707    0.000651707        27.5243       0.275243
    3         3       0.114572     0.00114572        38.2955       0.382955
    3         3       0.168714     0.00168714        49.7675       0.497675
    3         3       0.225388     0.00225388        60.3415       0.603415
    3         3       0.291076     0.00291076        71.9442       0.719442
    3         3       0.357559     0.00357559         82.973        0.82973
    3         3       0.423057     0.00423057        93.5546       0.935546
    3         3       0.494691     0.00494691        104.486        1.04486
    3         3       0.569867     0.00569867         115.76         1.1576
    3         3       0.644852     0.00644852        126.695        1.26695
    3         3       0.725998     0.00725998        137.996        1.37996
    3         3       0.800872     0.00800872        148.375        1.48375
    3         3       0.886937     0.00886937        159.791        1.59791
    3         3       0.972593     0.00972593        170.969        1.70969
    3         3         1.0588       0.010588        181.939        1.81939
    3         3         1.1472       0.011472        192.726        1.92726
    3         3        1.24179      0.0124179         203.94         2.0394
    3         3        1.33832      0.0133832        214.997        2.14997
    3         3         1.4363       0.014363        225.917        2.25917
    3         3        1.53594      0.0153594        236.716        2.36716
    4         0      0.0141645    0.000141645        12.2024       0.122024
    4         0      0.0535637    0.000535637        24.5889       0.245889
    4         0      0.0996326    0.000996326        36.9187       0.369187
    4         0       0.150673     0.00150673        48.5158       0.485158
    4         0       0.210886     0.00210886        60.8536       0.608536
    4         0       0.271485     0.00271485        72.3414       0.723414
    4         0       0.340496     0.00340496        84.9202       0.849202
    4         0       0.410225     0.00410225        96.9759       0.969759
    4         0       0.480061     0.00480061        108.622        1.08622
    4         0       0.554283     0.00554283         120.67         1.2067
    4         0       0.627979     0.00627979        132.388        1.32388
    4         0       0.707124     0.00707124        144.525        1.44525
    4         0       0.786275     0.00786275        156.378        1.56378
    4         0       0.868959     0.00868959        168.656        1.68656
    4         0       0.953285     0.00953285        180.687        1.80687
    4         0         1.0369       0.010369        192.497        1.92497
    4         0        1.12737      0.0112737        204.751        2.04751
    4         0        1.21981      0.0121981        216.812        2.16812
    4         0        1.31271      0.0131271          228.7          2.287
    4         0        1.40832      0.0140832        240.433        2.40433
    4         0        1.50976      0.0150976        252.634        2.52634
    4         1      0.0189584    0.000189584          13.98         0.1398
    4         1      0.0557221    0.000557221        25.0974       0.250974
    4         1       0.101518     0.00101518        36.9286       0.369286
    4         1       0.146387     0.00146387        47.3028       0.473028
    4         1       0.200215     0.00200215        58.5145       0.585145
    4         1       0.257605     0.00257605        69.6743       0.696743
    4         1       0.320752     0.00320752        80.9516       0.809516
    4         1       0.383751     0.00383751        91.7151       0.917151
    4         1       0.451298     0.00451298        102.849        1.02849
    4         1       0.518114     0.00518114        113.677        1.13677
    4         1        0.58964      0.0058964        124.968        1.24968
    4         1       0.656949     0.00656949        135.356        1.35356
    4         1       0.733435     0.00733435        146.935        1.46935
    4         1       0.804399     0.00804399        157.671        1.57671
    4         1       0.880936     0.00880936        168.926        1.68926
    4         1       0.953156     0.00953156        179.393        1.79393
    4         1        1.03037      0.0103037        190.392        1.90392
    4         1          1.112        0.01112        201.915        2.01915
    4         1         1.1914       0.011914        212.691        2.12691
    4         1          1.276        0.01276        223.999        2.23999
    4         2      0.0202763    0.000202763        12.3861       0.123861
    4         2      0.0596376    0.000596376        22.4762       0.224762
    4         2       0.103133     0.00103133        32.5496       0.325496
    4         2       0.151541     0.00151541        42.7339       0.427339
    4         2       0.198852     0.00198852        52.1025       0.521025
    4         2       0.258501     0.00258501        62.7881       0.627881
    4         2       0.317994     0.00317994        72.8729       0.728729
    4         2        0.37662      0.0037662        82.5155       0.825155
    4         2       0.441148     0.00441148        92.6491       0.926491
    4         2       0.505772     0.00505772        102.463        1.02463
    4         2       0.574996     0.00574996        112.803        1.12803
    4         2       0.645266     0.00645266        122.891        1.22891
    4         2       0.714357     0.00714357        132.763        1.32763
    4         2        0.78483      0.0078483        142.449        1.42449
    4         2       0.859161     0.00859161        152.698        1.52698
    4         2       0.935467     0.00935467        162.779        1.62779
    4         2        1.01078      0.0101078        172.711        1.72711
    4         2        1.08794      0.0108794        182.509        1.82509
    4         2        1.17073      0.0117073        192.873        1.92873
    4         2        1.24987      0.0124987        202.433        2.02433
    4         2         1.3362       0.013362        212.566        2.12566
    4         2        1.42323      0.0142323        222.595        2.22595
    4         3      0.0206936    0.000206936        12.4299       0.124299
    4         3      0.0638059    0.000638059        24.4373       0.244373
    4         3       0.109914     0.00109914        35.9023       0.359023
    4         3       0.166718     0.00166718        48.2881       0.482881
    4         3       0.227552     0.00227552         60.584        0.60584
    4         3       0.288643     0.00288643        72.0744       0.720744
    4         3        0.36042      0.0036042        84.7868       0.847868
    4         3       0.431628     0.00431628        96.9532       0.969532
    4         3       0.503761     0.00503761        108.697        1.08697
    4         3       0.579906     0.00579906          120.9          1.209
    4         3        0.65685      0.0065685        132.773        1.32773
    4         3       0.732732     0.00732732        144.361        1.44361
    4         3        0.81494      0.0081494        156.451        1.56451
    4         3        0.89708      0.0089708        168.294        1.68294
    4         3         0.9842       0.009842        180.637        1.80637
    4         3        1.07195      0.0107195         192.76         1.9276
    4         3        1.16192      0.0116192        204.687        2.04687
    4         3        1.25313      0.0125313        216.439        2.16439
    4         3        1.35199      0.0135199        228.709        2.28709
    4         3        1.45187      0.0145187        240.819        2.40819
    5         0      0.0199709    0.000199709        17.9342       0.179342
    5         0      0.0603461    0.000603461        28.7993       0.287993
    5         0       0.110859     0.00110859        40.2756       0.402756
    5         0       0.165431     0.00165431        51.3184       0.513184
    5         0       0.224037     0.00224037        62.2555       0.622555
    5         0       0.288423     0.00288423        73.3202       0.733202
    5         0       0.357685     0.00357685        84.6681       0.846681
    5         0       0.426435     0.00426435        95.6245       0.956245
    5         0       0.496077     0.00496077          106.3          1.063
    5         0        0.56975      0.0056975        117.496        1.17496
    5         0       0.643768     0.00643768        128.488        1.28488
    5         0       0.718312     0.00718312        139.306        1.39306
    5         0       0.796501     0.00796501        150.677        1.50677
    5         0       0.876016     0.00876016        161.893        1.61893
    5         0       0.955328     0.00955328        172.968        1.72968
    5         0        1.03505      0.0103505        183.916        1.83916
    5         0        1.11642      0.0111642        194.746        1.94746
    5         0        1.19772      0.0119772        205.468        2.05468
    5         0        1.28701      0.0128701        216.751        2.16751
    5         0        1.37726      0.0137726         227.93         2.2793
    5         0         1.4633       0.014633        238.365        2.38365
    5         0        1.55669      0.0155669        249.367        2.49367
    5         1      0.0155099    0.000155099        13.3961       0.133961
    5         1      0.0513907    0.000513907        22.7815       0.227815
    5         1      0.0984686    0.000984686        33.2671       0.332671
    5         1       0.149764     0.00149764        43.3316       0.433316
    5         1       0.207184     0.00207184        53.1956       0.531956
    5         1         0.2754       0.002754        63.9388       0.639388
    5         1       0.344615     0.00344615        73.9693       0.739693
    5         1       0.413422     0.00413422        83.5592       0.835592
    5         1       0.487848     0.00487848        93.6187       0.936187
    5         1        0.56282      0.0056282        103.433        1.03433
    5         1       0.643077     0.00643077        113.794        1.13794
    5         1       0.723306     0.00723306         123.98         1.2398
    5         1       0.798295     0.00798295        133.304        1.33304
    5         1       0.883809     0.00883809        143.921        1.43921
    5         1       0.965025     0.00965025        153.708        1.53708
    5         1        1.04641      0.0104641        163.386        1.63386
    5         1        1.13459      0.0113459        173.645        1.73645
    5         1        1.22509      0.0122509        183.799        1.83799
    5         1        1.31635      0.0131635        193.855        1.93855
    5         1        1.40914      0.0140914        203.821        2.03821
    5         1        1.50414      0.0150414        213.703        2.13703
    5         1        1.59974      0.0159974        223.507        2.23507
    5         2      0.0303884    0.000303884        20.9167       0.209167
    5         2      0.0834265    0.000834265        29.7617       0.297617
    5         2       0.134544     0.00134544        38.2895       0.382895
    5         2       0.189501     0.00189501        47.3493       0.473493
    5         2       0.250488     0.00250488         56.886        0.56886
    5         2       0.306308     0.00306308        65.3376       0.653376
    5         2       0.366765     0.00366765         74.269        0.74269
    5         2       0.433106     0.00433106        83.6359       0.836359
    5         2       0.499535     0.00499535        92.7143       0.927143
    5         2       0.564614     0.00564614        101.534        1.01534
    5         2       0.635966     0.00635966        110.776        1.10776
    5         2       0.706549     0.00706549        119.783        1.19783
    5         2       0.777637     0.00777637        128.582        1.28582
    5         2       0.853553     0.00853553        137.807        1.37807
    5         2       0.929715     0.00929715        146.848        1.46848
    5         2        1.00697      0.0100697        155.728        1.55728
    5         2        1.08372      0.0108372        164.468        1.64468
    5         2        1.16812      0.0116812        173.654        1.73654
    5         2        1.25261      0.0125261        182.716        1.82716
    5         2        1.33973      0.0133973        191.671        1.91671
    5         2        1.42774      0.0142774        200.531        2.00531
    5         2        1.52234      0.0152234        209.853        2.09853
    5         3      0.0213653    0.000213653        16.3577       0.163577
    5         3      0.0744688    0.000744688         26.223        0.26223
    5         3       0.139739     0.00139739        36.2531       0.362531
    5         3       0.219994     0.00219994        46.6431       0.466431
    5         3       0.306456     0.00306456          56.84         0.5684
    5         3       0.394364     0.00394364        66.3735       0.663735
    5         3         0.4967       0.004967        76.9456       0.769456
    5         3       0.590728     0.00590728        86.3637       0.863637
    5         3       0.700047     0.00700047        96.8454       0.968454
    5         3       0.808921     0.00808921        106.977        1.06977
    5         3       0.918024     0.00918024        116.807        1.16807
    5         3        1.02833      0.0102833        126.371        1.26371
    5         3        1.15453      0.0115453        136.927        1.36927
    5         3        1.27658      0.0127658         146.62         1.4662
    5         3        1.41034      0.0141034        156.688        1.56688
    5         3        1.54574      0.0154574        166.548        1.66548
    5         3        1.69177      0.0169177        176.783        1.76783
    5         3        1.83989      0.0183989        186.832        1.86832
    5         3         1.9884       0.019884        196.716        1.96716
    5         3        2.14623      0.0214623        206.987        2.06987
    6         0      0.0169618    0.000169618        17.1445       0.171445
    6         0      0.0574021    0.000574021        29.9323       0.299323
    6         0        0.10252      0.0010252          41.72         0.4172
    6         0       0.151421     0.00151421        53.1171       0.531171
    6         0       0.209056     0.00209056        65.4471       0.654471
    6         0       0.272748     0.00272748         77.785        0.77785
    6         0       0.336711     0.00336711        89.4104       0.894104
    6         0       0.404328     0.00404328        101.348        1.01348
    6         0       0.477968     0.00477968        113.618        1.13618
    6         0       0.551405     0.00551405        125.454        1.25454
    6         0       0.628869     0.00628869        137.683        1.37683
    6         0       0.707439     0.00707439        149.565        1.49565
    6         0       0.789867     0.00789867        161.866        1.61866
    6         0       0.873142     0.00873142         173.88         1.7388
    6         0       0.956508     0.00956508        185.644        1.85644
    6         0        1.04538      0.0104538        197.863        1.97863
    6         0        1.13569      0.0113569        209.869        2.09869
    6         0         1.2271       0.012271        221.686        2.21686
    6         0        1.32531      0.0132531        233.981        2.33981
    6         0         1.4213       0.014213         245.48         2.4548
    6         0        1.52296      0.0152296        257.478        2.57478
    6         1      0.0245442    0.000245442        16.9977       0.169977
    6         1      0.0673219    0.000673219         28.765        0.28765
    6         1       0.121735     0.00121735         41.144        0.41144
    6         1       0.180922     0.00180922        53.1854       0.531854
    6         1       0.246299     0.00246299        65.3747       0.653747
    6         1       0.317676     0.00317676        77.9415       0.779415
    6         1       0.388898     0.00388898        89.9965       0.899965
    6         1       0.460725     0.00460725        101.664        1.01664
    6         1        0.53747      0.0053747        113.946        1.13946
    6         1       0.614979     0.00614979        125.911        1.25911
    6         1       0.692718     0.00692718          137.6          1.376
    6         1       0.775326     0.00775326        149.916        1.49916
    6         1       0.859173     0.00859173        161.983        1.61983
    6         1       0.942162     0.00942162        173.828        1.73828
    6         1        1.02694      0.0102694        185.475        1.85475
    6         1        1.11787      0.0111787        197.758        1.97758
    6         1         1.2113       0.012113        209.859        2.09859
    6         1        1.30543      0.0130543        221.797        2.21797
    6         1        1.40215      0.0140215        233.592        2.33592
    6         1        1.50068      0.0150068        245.255        2.45255
    6         1        1.60618      0.0160618        257.568        2.57568
    6         1        1.71311      0.0171311        269.762        2.69762
    6         2      0.0248703    0.000248703        19.7964       0.197964
    6         2      0.0586293    0.000586293        28.9883       0.289883
    6         2       0.097181     0.00097181        38.9447       0.389447
    6         2       0.139337     0.00139337        49.1348       0.491348
    6         2       0.186333     0.00186333        59.4083       0.594083
    6         2       0.237254     0.00237254        69.7339       0.697339
    6         2       0.288907     0.00288907        79.2866       0.792866
    6         2       0.350306     0.00350306        89.8234       0.898234
    6         2       0.411317     0.00411317        99.7361       0.997361
    6         2       0.476634     0.00476634        109.876        1.09876
    6         2       0.542789     0.00542789        119.581        1.19581
    6         2        0.61351      0.0061351        129.599        1.29599
    6         2       0.687814     0.00687814        139.943        1.39943
    6         2       0.758687     0.00758687        149.384        1.49384
    6         2       0.838611     0.00838611        159.842        1.59842
    6         2       0.913297     0.00913297        169.498        1.69498
    6         2        0.99427      0.0099427        179.596        1.79596
    6         2         1.0759       0.010759        189.561        1.89561
    6         2         1.1623       0.011623        199.996        1.99996
    6         2        1.24664      0.0124664        209.765        2.09765
    6         3      0.0182378    0.000182378        18.1428       0.181428
    6         3      0.0478267    0.000478267        27.6959       0.276959
    6         3      0.0875566    0.000875566        38.3619       0.383619
    6         3       0.131131     0.00131131        48.6363       0.486363
    6         3        0.17973      0.0017973        58.7685       0.587685
    6         3       0.232008     0.00232008        68.9755       0.689755
    6         3       0.284983     0.00284983        78.5711       0.785711
    6         3       0.343252     0.00343252         88.583        0.88583
    6         3       0.401256     0.00401256        98.2608       0.982608
    6         3       0.463396     0.00463396        108.463        1.08463
    6         3       0.526398     0.00526398        118.434        1.18434
    6         3       0.594108     0.00594108        128.957        1.28957
    6         3       0.656046     0.00656046        138.555        1.38555
    6         3       0.723901     0.00723901         148.73         1.4873
    6         3       0.791714     0.00791714        158.752        1.58752
    6         3       0.858383     0.00858383        168.637        1.68637
    6         3        0.92675      0.0092675        178.397        1.78397
    6         3       0.999794     0.00999794        188.727        1.88727
    6         3        1.07279      0.0107279        198.937        1.98937
    6         3        1.14259      0.0114259        208.367        2.08367
    6         3        1.21765      0.0121765        218.372        2.18372
    6         3        1.29969      0.0129969        228.941        2.28941
    7         0      0.0191649    0.000191649        15.9043       0.159043
    7         0      0.0593507    0.000593507        26.8591       0.268591
    7         0        0.10345      0.0010345        36.9291       0.369291
    7         0       0.147425     0.00147425        46.1458       0.461458
    7         0       0.201078     0.00201078         56.714        0.56714
    7         0       0.253901     0.00253901        66.7309       0.667309
    7         0       0.307992     0.00307992          76.32         0.7632
    7         0       0.366988     0.00366988        86.3837       0.863837
    7         0       0.429898     0.00429898        96.8973       0.968973
    7         0       0.488549     0.00488549        106.299        1.06299
    7         0       0.557271     0.00557271        116.953        1.16953
    7         0       0.620193     0.00620193        126.584        1.26584
    7         0       0.688491     0.00688491        136.712        1.36712
    7         0       0.757337     0.00757337        146.619        1.46619
    7         0       0.824889     0.00824889        156.329        1.56329
    7         0       0.898605     0.00898605        166.543        1.66543
    7         0       0.972757     0.00972757        176.582        1.76582
    7         0        1.04615      0.0104615        186.466        1.86466
    7         0        1.12646      0.0112646        196.857        1.96857
    7         0        1.20282      0.0120282        206.471        2.06471
    7         0         1.2855       0.012855        216.605        2.16605
    7         1      0.0215286    0.000215286        14.5372       0.145372
    7         1       0.056546     0.00056546        24.3936       0.243936
    7         1      0.0961368    0.000961368        34.1123       0.341123
    7         1       0.144279     0.00144279        44.7955       0.447955
    7         1       0.192386     0.00192386        54.4075       0.544075
    7         1       0.244333     0.00244333        64.1543       0.641543
    7         1       0.307108     0.00307108        74.9109       0.749109
    7         1        0.36508      0.0036508        84.3227       0.843227
    7         1       0.431789     0.00431789        94.8472       0.948472
    7         1       0.499355     0.00499355        104.998        1.04998
    7         1       0.566938     0.00566938        114.854        1.14854
    7         1       0.633482     0.00633482         124.47         1.2447
    7         1       0.705903     0.00705903        134.548        1.34548
    7         1       0.778326     0.00778326        144.429        1.44429
    7         1       0.854572     0.00854572        154.779        1.54779
    7         1       0.931931     0.00931931         164.96         1.6496
    7         1        1.01004      0.0101004         174.99         1.7499
    7         1        1.08752      0.0108752        184.886        1.84886
    7         1        1.16736      0.0116736        194.663        1.94663
    7         1         1.2527       0.012527        204.933        2.04933
    7         1        1.33513      0.0133513        214.498        2.14498
    7         2      0.0200859    0.000200859        13.1582       0.131582
    7         2      0.0516272    0.000516272        22.7142       0.227142
    7         2      0.0854534    0.000854534        31.9214       0.319214
    7         2       0.119728     0.00119728        40.1519       0.401519
    7         2       0.161438     0.00161438        49.3514       0.493514
    7         2         0.2073       0.002073         58.647        0.58647
    7         2       0.253031     0.00253031        67.3881       0.673881
    7         2       0.301878     0.00301878        76.3847       0.763847
    7         2       0.355549     0.00355549        85.6409       0.856409
    7         2       0.409116     0.00409116        94.5334       0.945334
    7         2       0.466517     0.00466517        103.726        1.03726
    7         2       0.523322     0.00523322        112.625        1.12625
    7         2       0.584256     0.00584256        121.841        1.21841
    7         2       0.645533     0.00645533        130.807        1.30807
    7         2       0.706408     0.00706408        139.558        1.39558
    7         2       0.770905     0.00770905        148.645        1.48645
    7         2       0.835959     0.00835959        157.541        1.57541
    7         2       0.904662     0.00904662        166.775        1.66775
    7         2       0.973568     0.00973568         175.84         1.7584
    7         2        1.04331      0.0104331        184.753        1.84753
    7         3      0.0158313    0.000158313        15.7842       0.157842
    7         3      0.0564639    0.000564639        26.1623       0.261623
    7         3       0.110127     0.00110127        36.8947       0.368947
    7         3       0.162378     0.00162378        46.7754       0.467754
    7         3       0.218163     0.00218163        56.9107       0.569107
    7         3       0.274811     0.00274811        66.6827       0.666827
    7         3       0.335641     0.00335641        76.8416       0.768416
    7         3       0.395299     0.00395299         86.736        0.86736
    7         3       0.456278     0.00456278        96.4059       0.964059
    7         3       0.520465     0.00520465        106.506        1.06506
    7         3       0.584721     0.00584721        116.409        1.16409
    7         3       0.653746     0.00653746        126.742        1.26742
    7         3       0.721847     0.00721847        136.899        1.36899
    7         3       0.790558     0.00790558        146.899        1.46899
    7         3       0.859455     0.00859455        156.756        1.56756
    7         3       0.927682     0.00927682        166.482        1.66482
    7         3        1.00146      0.0100146        176.651        1.76651
    7         3         1.0745       0.010745        186.698        1.86698
    7         3        1.14954      0.0114954        196.634        1.96634
    7         3        1.22605      0.0122605        206.466        2.06466
    7         3        1.30675      0.0130675        216.742        2.16742
    8         0      0.0281317    0.000281317        13.1284       0.131284
    8         0      0.0544679    0.000544679        22.3232       0.223232
    8         0       0.084096     0.00084096        31.2926       0.312926
    8         0       0.117016     0.00117016        40.2101       0.402101
    8         0       0.156521     0.00156521        49.9543       0.499543
    8         0       0.195995     0.00195995        58.9742       0.589742
    8         0       0.236985     0.00236985        67.4646       0.674646
    8         0        0.28511      0.0028511        76.8581       0.768581
    8         0       0.333195     0.00333195        85.8158       0.858158
    8         0       0.380843     0.00380843        94.4206       0.944206
    8         0       0.435441     0.00435441        103.897        1.03897
    8         0       0.487092     0.00487092        112.489        1.12489
    8         0       0.545554     0.00545554        121.938        1.21938
    8         0       0.600583     0.00600583        130.589        1.30589
    8         0       0.659172     0.00659172        139.557        1.39557
    8         0       0.720612     0.00720612        148.836        1.48836
    8         0        0.78213      0.0078213        157.917        1.57917
    8         0       0.844143     0.00844143        166.825        1.66825
    8         0       0.906482     0.00906482        175.581        1.75581
    8         0        0.97263      0.0097263        184.676        1.84676
    8         0        1.03926      0.0103926        193.635        1.93635
    8         1      0.0224893    0.000224893        18.1371       0.181371
    8         1      0.0573648    0.000573648        26.6849       0.266849
    8         1      0.0922402    0.000922402        34.6735       0.346735
    8         1       0.130603     0.00130603         42.935        0.42935
    8         1       0.168966     0.00168966        50.7299       0.507299
    8         1       0.210816     0.00210816        58.7782       0.587782
    8         1       0.252668     0.00252668        66.4182       0.664182
    8         1       0.301492     0.00301492        74.8901       0.748901
    8         1        0.35032      0.0035032        82.9563       0.829563
    8         1       0.399255     0.00399255        90.6778       0.906778
    8         1       0.451418     0.00451418        98.6256       0.986256
    8         1       0.506427     0.00506427        106.789        1.06789
    8         1       0.562531     0.00562531        114.677        1.14677
    8         1        0.62181      0.0062181        122.803        1.22803
    8         1       0.681197     0.00681197        130.709        1.30709
    8         1       0.744017     0.00744017        138.875        1.38875
    8         1       0.806601     0.00806601        146.864        1.46864
    8         1       0.869087     0.00869087        154.704        1.54704
    8         1       0.935998     0.00935998        162.841        1.62841
    8         1        1.00325      0.0100325        170.858        1.70858
    8         1        1.07117      0.0107117        178.774        1.78774
    8         1        1.13885      0.0113885        186.603        1.86603
    8         2      0.0237586    0.000237586        14.3695       0.143695
    8         2      0.0509353    0.000509353        23.8768       0.238768
    8         2      0.0871708    0.000871708        34.2084       0.342084
    8         2       0.127936     0.00127936        44.1337       0.441337
    8         2       0.178633     0.00178633        54.9592       0.549592
    8         2       0.228915     0.00228915        64.9571       0.649571
    8         2       0.280734     0.00280734        74.4251       0.744251
    8         2       0.335478     0.00335478        84.3198       0.843198
    8         2       0.395769     0.00395769         94.641        0.94641
    8         2       0.456297     0.00456297        104.623        1.04623
    8         2       0.516356     0.00516356        114.315        1.14315
    8         2       0.581184     0.00581184        124.471        1.24471
    8         2       0.646334     0.00646334        134.368        1.34368
    8         2       0.716372     0.00716372        144.715        1.44715
    8         2       0.785356     0.00785356        154.826        1.54826
    8         2       0.855327     0.00855327        164.725        1.64725
    8         2       0.925727     0.00925727        174.432        1.74432
    8         2        1.00097      0.0100097        184.596        1.84596
    8         2        1.07682      0.0107682        194.582        1.94582
    8         2        1.15443      0.0115443        204.408        2.04408
    8         2        1.23684      0.0123684        214.688        2.14688
    8         3      0.0278791    0.000278791        18.6684       0.186684
    8         3      0.0546383    0.000546383        25.9526       0.259526
    8         3      0.0843707    0.000843707        32.8603       0.328603
    8         3       0.117076     0.00117076        39.8942       0.398942
    8         3       0.149782     0.00149782         46.584        0.46584
    8         3       0.185725     0.00185725        53.6079       0.536079
    8         3       0.225159     0.00225159         60.969        0.60969
    8         3       0.260965     0.00260965        67.5769       0.675769
    8         3       0.300679     0.00300679        74.5638       0.745638
    8         3        0.34327      0.0034327        81.9147       0.819147
    8         3       0.383008     0.00383008        88.5984       0.885984
    8         3       0.424902     0.00424902        95.6595       0.956595
    8         3       0.467029     0.00467029        102.593        1.02593
    8         3       0.512884     0.00512884        109.893        1.09893
    8         3       0.555693     0.00555693        116.597        1.16597
    8         3       0.601045     0.00601045        123.673        1.23673
    8         3       0.645728     0.00645728        130.646        1.30646
    8         3       0.694647     0.00694647        137.981        1.37981
    8         3       0.740197     0.00740197        144.768        1.44768
    8         3       0.787905     0.00787905        151.918        1.51918
    8         3        0.83663      0.0083663        158.984        1.58984
    8         3       0.885534     0.00885534        165.972        1.65972
    9         0     0.00747264    7.47264e-05        13.4188       0.134188
    9         0      0.0340684    0.000340684        21.5301       0.215301
    9         0      0.0682629    0.000682629        29.6723       0.296723
    9         0       0.106257     0.00106257        37.7602       0.377602
    9         0       0.144251     0.00144251        45.3375       0.453375
    9         0       0.183945     0.00183945        53.2933       0.532933
    9         0       0.224419     0.00224419        61.6414       0.616414
    9         0       0.266956     0.00266956        69.7184       0.697184
    9         0       0.308582     0.00308582        77.5716       0.775716
    9         0       0.354047     0.00354047        85.8642       0.858642
    9         0       0.399432     0.00399432        93.9619       0.939619
    9         0       0.444039     0.00444039        101.888        1.01888
    9         0       0.489626     0.00489626         109.66         1.0966
    9         0        0.53864      0.0053864        117.874        1.17874
    9         0       0.587639     0.00587639        125.943        1.25943
    9         0       0.636631     0.00636631        133.879        1.33879
    9         0       0.685664     0.00685664        141.694        1.41694
    9         0       0.737261     0.00737261        149.942        1.49942
    9         0       0.786528     0.00786528        157.534        1.57534
    9         0       0.839034     0.00839034        165.562        1.65562
    9         0       0.891951     0.00891951        173.489        1.73489
    9         0       0.948621     0.00948621        181.841        1.81841
    9         0        1.00158      0.0100158         189.58         1.8958
    9         1      0.0242578    0.000242578        17.1483       0.171483
    9         1      0.0554717    0.000554717        26.5958       0.265958
    9         1       0.093622     0.00093622         35.786        0.35786
    9         1        0.13524      0.0013524        44.8754       0.448754
    9         1       0.177622     0.00177622        53.4653       0.534653
    9         1       0.222011     0.00222011        62.4082       0.624082
    9         1       0.272388     0.00272388        71.7309       0.717309
    9         1       0.321011     0.00321011         80.803        0.80803
    9         1       0.369961     0.00369961        89.6688       0.896688
    9         1       0.422957     0.00422957        98.9725       0.989725
    9         1       0.472455     0.00472455        107.497        1.07497
    9         1       0.525486     0.00525486        116.479        1.16479
    9         1       0.582278     0.00582278        125.905        1.25905
    9         1       0.634374     0.00634374        134.611        1.34611
    9         1       0.691014     0.00691014         143.77         1.4377
    9         1       0.747535     0.00747535        152.809        1.52809
    9         1       0.804166     0.00804166        161.737        1.61737
    9         1        0.86096      0.0086096        170.563        1.70563
    9         1       0.920946     0.00920946        179.836        1.79836
    9         1       0.977946     0.00977946        188.474        1.88474
    9         1         1.0393       0.010393        197.562        1.97562
    9         1         1.1012       0.011012        206.563        2.06563
    9         2      0.0224403    0.000224403        19.8597       0.198597
    9         2      0.0547853    0.000547853         28.286        0.28286
    9         2      0.0979119    0.000979119        37.4719       0.374719
    9         2       0.144633     0.00144633        46.5279       0.465279
    9         2       0.193253     0.00193253        55.7544       0.557544
    9         2       0.241721     0.00241721        64.6311       0.646311
    9         2        0.29392      0.0029392        73.8596       0.738596
    9         2       0.346132     0.00346132        82.8587       0.828587
    9         2       0.398358     0.00398358        91.6685       0.916685
    9         2       0.453811     0.00453811        100.888        1.00888
    9         2       0.508826     0.00508826        109.947        1.09947
    9         2       0.564747     0.00564747        118.866        1.18866
    9         2       0.620452     0.00620452        127.658        1.27658
    9         2       0.679772     0.00679772        136.875        1.36875
    9         2       0.739067     0.00739067        145.975        1.45975
    9         2       0.797433     0.00797433        154.968        1.54968
    9         2       0.857044     0.00857044        163.864        1.63864
    9         2       0.916756     0.00916756         172.67         1.7267
    9         2       0.980135     0.00980135        181.902        1.81902
    9         2        1.04046      0.0104046        190.543        1.90543
    9         2        1.10405      0.0110405        199.613        1.99613
    9         2         1.1697       0.011697        208.608        2.08608
    9         3      0.0262451    0.000262451        14.8764       0.148764
    9         3      0.0525288    0.000525288        22.7827       0.227827
    9         3      0.0846534    0.000846534        30.4696       0.304696
    9         3       0.122619     0.00122619        38.5274       0.385274
    9         3        0.16323      0.0016323        46.5658       0.465658
    9         3        0.20715      0.0020715        54.7188       0.547188
    9         3       0.251823     0.00251823        62.5331       0.625331
    9         3        0.29783      0.0029783        70.5812       0.705812
    9         3       0.347858     0.00347858        78.8697       0.788697
    9         3       0.398044     0.00398044        86.9323       0.869323
    9         3       0.448023     0.00448023         94.802        0.94802
    9         3       0.499985     0.00499985        102.951        1.02951
    9         3       0.553215     0.00553215        110.934        1.10934
    9         3       0.606399     0.00606399        118.769        1.18769
    9         3       0.661929     0.00661929        126.894        1.26894
    9         3       0.717273     0.00717273        134.886        1.34886
    9         3       0.773401     0.00773401        142.757        1.42757
    9         3       0.832375     0.00832375        150.924        1.50924
    9         3       0.890459     0.00890459        158.979        1.58979
    9         3       0.950007     0.00950007        166.931        1.66931
    9         3        1.00997      0.0100997         174.79         1.7479
   10         0      0.0212034    0.000212034        11.2592       0.112592
   10         0      0.0405178    0.000405178        18.3878       0.183878
   10         0      0.0630512    0.000630512        25.3594       0.253594
   10         0      0.0888036    0.000888036        32.2703       0.322703
   10         0       0.120994     0.00120994        39.9643       0.399643
   10         0       0.149905     0.00149905         46.335        0.46335
   10         0       0.186231     0.00186231        53.6661       0.536661
   10         0       0.221331     0.00221331          60.65         0.6065
   10         0       0.260953     0.00260953        67.9792       0.679792
   10         0       0.296733     0.00296733        74.4881       0.744881
   10         0       0.339263     0.00339263        81.9656       0.819656
   10         0       0.378558     0.00378558        88.6898       0.886898
   10         0       0.421018     0.00421018        95.8032       0.958032
   10         0       0.463569     0.00463569        102.756        1.02756
   10         0       0.506314     0.00506314        109.564        1.09564
   10         0       0.552006     0.00552006        116.745        1.16745
   10         0       0.597232     0.00597232        123.784        1.23784
   10         0       0.643101     0.00643101        130.691        1.30691
   10         0       0.692262     0.00692262        137.956        1.37956
   10         0       0.738233     0.00738233        144.621        1.44621
   10         0       0.787471     0.00787471        151.646        1.51646
   10         0       0.836478     0.00836478        158.561        1.58561
   10         0       0.889277     0.00889277        165.822        1.65822
   10         1      0.0234107    0.000234107        14.0839       0.140839
   10         1      0.0519878    0.000519878         22.518        0.22518
   10         1      0.0877092    0.000877092        30.6373       0.306373
   10         1       0.127003     0.00127003        38.6075       0.386075
   10         1       0.170881     0.00170881        46.7446       0.467446
   10         1       0.213775     0.00213775        54.5214       0.545214
   10         1       0.261676     0.00261676        62.6586       0.626586
   10         1       0.308922     0.00308922        70.5644       0.705644
   10         1        0.35929      0.0035929        78.8682       0.788682
   10         1       0.410836     0.00410836        86.9887       0.869887
   10         1       0.462113     0.00462113        94.9503       0.949503
   10         1       0.513557     0.00513557        102.772        1.02772
   10         1       0.564371     0.00564371        110.469        1.10469
   10         1       0.618882     0.00618882        118.589        1.18589
   10         1       0.674016     0.00674016        126.591        1.26591
   10         1       0.728984     0.00728984        134.484        1.34484
   10         1       0.787812     0.00787812        142.794        1.42794
   10         1       0.845616     0.00845616        150.999        1.50999
   10         1        0.90123      0.0090123        158.603        1.58603
   10         1       0.960394     0.00960394        166.627        1.66627
   10         1        1.02022      0.0102022        174.567        1.74567
   10         2     0.00539038    5.39038e-05        13.6009       0.136009
   10         2      0.0411686    0.000411686        21.8656       0.218656
   10         2      0.0769467    0.000769467        29.2965       0.292965
   10         2       0.120676     0.00120676        37.7345       0.377345
   10         2       0.163148     0.00163148        45.6511       0.456511
   10         2       0.204452     0.00204452        53.8091       0.538091
   10         2       0.246648     0.00246648        61.5499       0.615499
   10         2       0.292151     0.00292151        69.5382       0.695382
   10         2       0.341314     0.00341314         77.748        0.77748
   10         2       0.390396     0.00390396        85.6115       0.856115
   10         2       0.443087     0.00443087        93.7086       0.937086
   10         2       0.494872     0.00494872        101.515        1.01515
   10         2       0.551225     0.00551225        109.566        1.09566
   10         2        0.61103      0.0061103        117.852        1.17852
   10         2       0.670771     0.00670771          125.9          1.259
   10         2       0.730557     0.00730557        133.741        1.33741
   10         2       0.792786     0.00792786        141.847        1.41847
   10         2        0.85618      0.0085618        149.778        1.49778
   10         2       0.923419     0.00923419        157.983        1.57983
   10         2        0.98745      0.0098745        165.618        1.65618
   10         2        1.05857      0.0105857        173.962        1.73962
   10         3      0.0364659    0.000364659        18.8485       0.188485
   10         3      0.0692229    0.000692229          26.71         0.2671
   10         3        0.10562      0.0010562        34.9896       0.349896
   10         3       0.142016     0.00142016        42.8822       0.428822
   10         3       0.178755     0.00178755        50.4494       0.504494
   10         3         0.2204       0.002204        58.4509       0.584509
   10         3       0.264924     0.00264924        66.8469       0.668469
   10         3       0.309253     0.00309253        74.9412       0.749412
   10         3       0.354518     0.00354518        82.7719       0.827719
   10         3       0.403412     0.00403412        90.9936       0.909936
   10         3       0.452102     0.00452102        98.9751       0.989751
   10         3       0.500299     0.00500299        106.743        1.06743
   10         3       0.552963     0.00552963        114.897        1.14897
   10         3       0.605559     0.00605559        122.855        1.22855
   10         3       0.658289     0.00658289        130.637        1.30637
   10         3       0.714212     0.00714212          138.8          1.388
   10         3       0.770135     0.00770135          146.8          1.468
   10         3       0.826635     0.00826635        154.653        1.54653
   10         3        0.88704      0.0088704        162.883        1.62883
   10         3        0.94745      0.0094745        170.977        1.70977
   11         0      0.0319885    0.000319885        16.6986       0.166986
   11         0      0.0554963    0.000554963        24.4467       0.244467
   11         0       0.084228     0.00084228        32.7825       0.327825
   11         0        0.11296      0.0011296        40.3504       0.403504
   11         0       0.146915     0.00146915        48.6273       0.486273
   11         0       0.183787     0.00183787        56.9536       0.569536
   11         0        0.22036      0.0022036        64.8148       0.648148
   11         0       0.261327     0.00261327        72.8273       0.728273
   11         0       0.304443     0.00304443        80.9918       0.809918
   11         0       0.347709     0.00347709        88.8283       0.888283
   11         0       0.393555     0.00393555        96.8519       0.968519
   11         0       0.438722     0.00438722         104.61         1.0461
   11         0       0.487383     0.00487383        112.575        1.12575
   11         0       0.538836     0.00538836        120.743        1.20743
   11         0       0.590271     0.00590271        128.698        1.28698
   11         0       0.644305     0.00644305        136.871        1.36871
   11         0       0.697954     0.00697954        144.865        1.44865
   11         0       0.751476     0.00751476        152.702        1.52702
   11         0       0.808319     0.00808319        160.782        1.60782
   11         0       0.865041     0.00865041        168.728        1.68728
   11         0       0.924987     0.00924987        176.924        1.76924
   11         1      0.0392749    0.000392749        32.7117       0.327117
   11         1      0.0765835    0.000765835        39.6118       0.396118
   11         1       0.116762     0.00116762        46.9437       0.469437
   11         1       0.154069     0.00154069        53.6519       0.536519
   11         1       0.194704     0.00194704        60.7595       0.607595
   11         1       0.235879     0.00235879        67.7388       0.677388
   11         1        0.27658      0.0027658        74.5848       0.745848
   11         1       0.320655     0.00320655        81.7692       0.817692
   11         1       0.364996     0.00364996        88.7981       0.887981
   11         1       0.409206     0.00409206        95.6755       0.956755
   11         1       0.456015     0.00456015        102.852        1.02852
   11         1       0.502789     0.00502789        109.872        1.09872
   11         1       0.550191     0.00550191         116.75         1.1675
   11         1       0.600404     0.00600404        123.915        1.23915
   11         1       0.650188     0.00650188         130.95         1.3095
   11         1       0.699982     0.00699982         137.87         1.3787
   11         1       0.750321     0.00750321        144.691        1.44691
   11         1       0.803311     0.00803311        151.822        1.51822
   11         1       0.855958     0.00855958        158.875        1.58875
   11         1       0.909177     0.00909177        165.864        1.65864
   11         1       0.962955     0.00962955        172.804        1.72804
   11         2       0.024587     0.00024587        16.6372       0.166372
   11         2      0.0461124    0.000461124        22.6898       0.226898
   11         2      0.0724212    0.000724212        28.7036       0.287036
   11         2       0.101122     0.00101122        34.6663       0.346663
   11         2       0.132214     0.00132214         40.766        0.40766
   11         2       0.163312     0.00163312        46.6279       0.466279
   11         2       0.197187     0.00197187        52.7491       0.527491
   11         2        0.23117      0.0023117        58.7152       0.587152
   11         2       0.267558     0.00267558        64.9664       0.649664
   11         2       0.301354     0.00301354        70.6886       0.706886
   11         2       0.337161     0.00337161        76.7148       0.767148
   11         2       0.373439     0.00373439        82.6446       0.826446
   11         2       0.412418     0.00412418        88.8739       0.888739
   11         2       0.448934     0.00448934        94.6326       0.946326
   11         2       0.488014     0.00488014        100.696        1.00696
   11         2       0.526981     0.00526981        106.683        1.06683
   11         2       0.568301     0.00568301        112.968        1.12968
   11         2       0.607157     0.00607157        118.815        1.18815
   11         2       0.648503     0.00648503        124.962        1.24962
   11         2       0.687513     0.00687513        130.689        1.30689
   11         2       0.728818     0.00728818        136.715        1.36715
   11         2        0.77021      0.0077021        142.685        1.42685
   11         2       0.814157     0.00814157        148.948        1.48948
   11         3      0.0217563    0.000217563        18.1121       0.181121
   11         3      0.0502542    0.000502542        25.2751       0.252751
   11         3      0.0858766    0.000858766         32.784        0.32784
   11         3       0.121499     0.00121499        39.8307       0.398307
   11         3       0.157225     0.00157225        46.5975       0.465975
   11         3        0.19717      0.0019717        53.7957       0.537957
   11         3       0.236931     0.00236931         60.781        0.60781
   11         3        0.27764      0.0027764        67.5827       0.675827
   11         3       0.320621     0.00320621        74.8179       0.748179
   11         3       0.363914     0.00363914        81.8807       0.818807
   11         3       0.407926     0.00407926        88.7882       0.887882
   11         3       0.451759     0.00451759        95.5542       0.955542
   11         3       0.499352     0.00499352        102.738        1.02738
   11         3       0.546866     0.00546866        109.783        1.09783
   11         3       0.593527     0.00593527          116.7          1.167
   11         3       0.641112     0.00641112        123.498        1.23498
   11         3       0.692389     0.00692389        130.699        1.30699
   11         3       0.743717     0.00743717        137.781        1.37781
   11         3       0.794812     0.00794812        144.756        1.44756
   11         3       0.845095     0.00845095        151.629        1.51629
   11         3        0.90042      0.0090042        158.889        1.58889
   11         3       0.951983     0.00951983        165.574        1.65574
