 *tel    numcsi   CsIInChannel     errCsIInChannel           CsIE       errCsIE
    0         0             92            0.5        13.0537       0.130537
    0         0            152            0.5        26.8553       0.268553
    0         0            218            0.5        39.3627       0.393627
    0         0            290            0.5        52.0447       0.520447
    0         0            368            0.5        65.3853       0.653853
    0         0            446            0.5         78.534        0.78534
    0         0            524            0.5        91.5579       0.915579
    0         0            602            0.5         104.48         1.0448
    0         0            680            0.5        117.314        1.17314
    0         0            758            0.5        130.068        1.30068
    0         0            842            0.5        143.723        1.43723
    0         0            920            0.5        156.336        1.56336
    0         0           1004            0.5        169.858        1.69858
    0         0           1082            0.5        182.363        1.82363
    0         0           1166            0.5        195.783        1.95783
    0         0           1244            0.5        208.207        2.08207
    0         0           1328            0.5         221.55         2.2155
    0         0           1412            0.5         234.86         2.3486
    0         0           1490            0.5        247.196        2.47196
    0         0           1574            0.5        260.459        2.60459
    0         0           1658            0.5        273.701        2.73701
    0         0           1742            0.5        286.926        2.86926
    0         1             76            0.5        11.7644       0.117644
    0         1            148            0.5        26.7989       0.267989
    0         1            226            0.5        42.1429       0.421429
    0         1            310            0.5        57.9944       0.579944
    0         1            388            0.5        72.2615       0.722615
    0         1            472            0.5        87.2581       0.872581
    0         1            562            0.5        102.999        1.02999
    0         1            646            0.5        117.452        1.17452
    0         1            736            0.5        132.736        1.32736
    0         1            826            0.5        147.853        1.47853
    0         1            916            0.5        162.836        1.62836
    0         1           1006            0.5        177.713        1.77713
    0         1           1096            0.5        192.502        1.92502
    0         1           1186            0.5        207.221        2.07221
    0         1           1282            0.5        222.856        2.22856
    0         1           1372            0.5        237.467        2.37467
    0         1           1462            0.5        252.038        2.52038
    0         1           1558            0.5        267.547        2.67547
    0         1           1648            0.5         282.06         2.8206
    0         1           1744            0.5        297.515        2.97515
    0         1           1840            0.5         312.95         3.1295
    0         1           1930            0.5        327.407        3.27407
    0         2             99            0.5        13.9617       0.139617
    0         2            171            0.5        28.4784       0.284784
    0         2            249            0.5        43.2517       0.432517
    0         2            333            0.5        58.5912       0.585912
    0         2            417            0.5         73.508        0.73508
    0         2            501            0.5        88.0991       0.880991
    0         2            591            0.5        103.445        1.03445
    0         2            681            0.5        118.548        1.18548
    0         2            771            0.5        133.454        1.33454
    0         2            861            0.5        148.194        1.48194
    0         2            957            0.5        163.764        1.63764
    0         2           1047            0.5         178.24         1.7824
    0         2           1143            0.5         193.57         1.9357
    0         2           1239            0.5          208.8          2.088
    0         2           1335            0.5        223.946        2.23946
    0         2           1425            0.5        238.078        2.38078
    0         2           1521            0.5         253.09         2.5309
    0         2           1623            0.5        268.974        2.68974
    0         2           1719            0.5        283.871        2.83871
    0         2           1815            0.5        298.721        2.98721
    0         2           1911            0.5        313.529        3.13529
    0         3             45            0.5        13.6795       0.136795
    0         3            117            0.5        28.7551       0.287551
    0         3            189            0.5        42.6703       0.426703
    0         3            261            0.5        56.1221       0.561221
    0         3            339            0.5        70.3301       0.703301
    0         3            417            0.5        84.2499       0.842499
    0         3            501            0.5        98.9889       0.989889
    0         3            579            0.5        112.489        1.12489
    0         3            663            0.5        126.865        1.26865
    0         3            741            0.5         140.09         1.4009
    0         3            825            0.5        154.223        1.54223
    0         3            909            0.5        168.262        1.68262
    0         3            993            0.5        182.221        1.82221
    0         3           1077            0.5        196.113        1.96113
    0         3           1167            0.5        210.938        2.10938
    0         3           1251            0.5        224.723        2.24723
    0         3           1335            0.5        238.469        2.38469
    0         3           1419            0.5        252.181        2.52181
    0         3           1509            0.5        266.838        2.66838
    0         3           1593            0.5        280.493        2.80493
    0         3           1677            0.5        294.124        2.94124
    1         0            106            0.5        11.4483       0.114483
    1         0            183            0.5        28.9775       0.289775
    1         0            274            0.5        45.5224       0.455224
    1         0            372            0.5        62.0631       0.620631
    1         0            477            0.5        79.3028       0.793028
    1         0            582            0.5        96.2782       0.962782
    1         0            687            0.5        113.056        1.13056
    1         0            799            0.5        130.768        1.30768
    1         0            904            0.5        147.222        1.47222
    1         0           1016            0.5        164.635        1.64635
    1         0           1128            0.5        181.926        1.81926
    1         0           1233            0.5         198.04         1.9804
    1         0           1345            0.5        215.142        2.15142
    1         0           1457            0.5        232.167        2.32167
    1         0           1569            0.5        249.124        2.49124
    1         0           1681            0.5        266.027        2.66027
    1         0           1800            0.5        283.933        2.83933
    1         0           1912            0.5        300.742        3.00742
    1         0           2024            0.5        317.513        3.17513
    1         0           2136            0.5        334.253        3.34253
    1         0           2248            0.5        350.964        3.50964
    1         1             93            0.5        12.3512       0.123512
    1         1            189            0.5        30.2823       0.302823
    1         1            293            0.5        48.8356       0.488356
    1         1            397            0.5        66.8135       0.668135
    1         1            501            0.5        84.3698       0.843698
    1         1            613            0.5        102.914        1.02914
    1         1            717            0.5        119.866        1.19866
    1         1            829            0.5        137.891        1.37891
    1         1            949            0.5        156.985        1.56985
    1         1           1061            0.5         174.64         1.7464
    1         1           1173            0.5         192.16         1.9216
    1         1           1293            0.5        210.803        2.10803
    1         1           1405            0.5        228.101        2.28101
    1         1           1525            0.5        246.542        2.46542
    1         1           1645            0.5        264.895        2.64895
    1         1           1757            0.5        281.957        2.81957
    1         1           1877            0.5        300.171        3.00171
    1         1           1997            0.5        318.323        3.18323
    1         1           2117            0.5        336.416        3.36416
    1         1           2237            0.5        354.455        3.54455
    1         2             84            0.5        14.5083       0.145083
    1         2            162            0.5        29.6706       0.296706
    1         2            240            0.5         44.213        0.44213
    1         2            324            0.5        59.4069       0.594069
    1         2            408            0.5        74.2372       0.742372
    1         2            498            0.5        89.8143       0.898143
    1         2            582            0.5        104.121        1.04121
    1         2            672            0.5        119.249        1.19249
    1         2            762            0.5        134.207        1.34207
    1         2            852            0.5        149.026        1.49026
    1         2            948            0.5        164.705        1.64705
    1         2           1038            0.5        179.303        1.79303
    1         2           1134            0.5        194.785        1.94785
    1         2           1224            0.5        209.227        2.09227
    1         2           1320            0.5        224.568        2.24568
    1         2           1416            0.5         239.85         2.3985
    1         2           1506            0.5        254.131        2.54131
    1         2           1602            0.5         269.32         2.6932
    1         2           1698            0.5        284.472        2.84472
    1         2           1794            0.5        299.588        2.99588
    1         2           1890            0.5        314.673        3.14673
    1         3            104            0.5        12.0685       0.120685
    1         3            170            0.5        26.8318       0.268318
    1         3            248            0.5        42.3265       0.423265
    1         3            326            0.5        57.0275       0.570275
    1         3            410            0.5        72.3186       0.723186
    1         3            494            0.5        87.2179       0.872179
    1         3            584            0.5        102.863        1.02863
    1         3            668            0.5         117.24         1.1724
    1         3            758            0.5        132.458        1.32458
    1         3            848            0.5        147.526        1.47526
    1         3            938            0.5        162.475        1.62475
    1         3           1028            0.5        177.332        1.77332
    1         3           1118            0.5        192.115        1.92115
    1         3           1214            0.5         207.82         2.0782
    1         3           1304            0.5        222.495        2.22495
    1         3           1394            0.5        237.135        2.37135
    1         3           1490            0.5        252.718        2.52718
    1         3           1580            0.5        267.304        2.67304
    1         3           1676            0.5        282.844        2.82844
    1         3           1766            0.5        297.396        2.97396
    1         3           1862            0.5        312.909        3.12909
    2         0             74            0.5        11.5231       0.115231
    2         0            134            0.5         25.172        0.25172
    2         0            212            0.5        39.6689       0.396689
    2         0            290            0.5        53.4381       0.534381
    2         0            368            0.5        66.9683       0.669683
    2         0            452            0.5        81.3361       0.813361
    2         0            536            0.5        95.4995       0.954995
    2         0            620            0.5        109.465        1.09465
    2         0            704            0.5        123.249        1.23249
    2         0            794            0.5        137.833        1.37833
    2         0            878            0.5        151.293        1.51293
    2         0            968            0.5        165.572        1.65572
    2         0           1058            0.5        179.721        1.79721
    2         0           1148            0.5         193.76         1.9376
    2         0           1238            0.5        207.701        2.07701
    2         0           1328            0.5        221.558        2.21558
    2         0           1418            0.5        235.341        2.35341
    2         0           1514            0.5        249.974        2.49974
    2         0           1604            0.5        263.636        2.63636
    2         0           1694            0.5        277.248        2.77248
    2         0           1790            0.5        291.723        2.91723
    2         1            102            0.5        9.79091      0.0979091
    2         1            157            0.5        24.5594       0.245594
    2         1            222            0.5        38.9093       0.389093
    2         1            287            0.5        52.0415       0.520415
    2         1            362            0.5        66.5308       0.665308
    2         1            437            0.5        80.6354       0.806354
    2         1            512            0.5        94.4956       0.944956
    2         1            587            0.5        108.181        1.08181
    2         1            667            0.5        122.634        1.22634
    2         1            747            0.5        136.971        1.36971
    2         1            822            0.5        150.331        1.50331
    2         1            902            0.5        164.514        1.64514
    2         1            982            0.5        178.643        1.78643
    2         1           1062            0.5        192.732        1.92732
    2         1           1142            0.5        206.791        2.06791
    2         1           1222            0.5         220.83         2.2083
    2         1           1302            0.5        234.855        2.34855
    2         1           1382            0.5        248.872        2.48872
    2         1           1462            0.5        262.888        2.62888
    2         1           1542            0.5        276.907        2.76907
    2         1           1622            0.5        290.928        2.90928
    2         2             76            0.5        11.9142       0.119142
    2         2            126            0.5        22.1231       0.221231
    2         2            186            0.5        33.7352       0.337352
    2         2            246            0.5         44.851        0.44851
    2         2            306            0.5        55.5871       0.555871
    2         2            371            0.5        66.8807       0.668807
    2         2            436            0.5        77.8942       0.778942
    2         2            501            0.5        88.6814       0.886814
    2         2            566            0.5        99.2848       0.992848
    2         2            636            0.5        110.535        1.10535
    2         2            706            0.5        121.641        1.21641
    2         2            776            0.5         132.63         1.3263
    2         2            846            0.5        143.521        1.43521
    2         2            916            0.5        154.332        1.54332
    2         2            991            0.5        165.841        1.65841
    2         2           1061            0.5        176.527        1.76527
    2         2           1136            0.5        187.927        1.87927
    2         2           1206            0.5        198.529        1.98529
    2         2           1281            0.5        209.857        2.09857
    2         2           1351            0.5        220.404        2.20404
    2         2           1426            0.5        231.684        2.31684
    2         2           1501            0.5        242.948        2.42948
    2         3             99            0.5        9.41866      0.0941866
    2         3            154            0.5        23.6868       0.236868
    2         3            219            0.5        37.0329       0.370329
    2         3            294            0.5        51.1559       0.511559
    2         3            374            0.5        65.6927       0.656927
    2         3            454            0.5        79.9299       0.799299
    2         3            534            0.5        93.9369       0.939369
    2         3            614            0.5        107.746        1.07746
    2         3            694            0.5        121.382        1.21382
    2         3            779            0.5        135.704        1.35704
    2         3            864            0.5        149.875        1.49875
    2         3            949            0.5        163.919        1.63919
    2         3           1034            0.5        177.851        1.77851
    2         3           1119            0.5        191.687        1.91687
    2         3           1204            0.5        205.441        2.05441
    2         3           1294            0.5        219.926        2.19926
    2         3           1379            0.5        233.546        2.33546
    2         3           1469            0.5         247.91         2.4791
    2         3           1554            0.5         261.43         2.6143
    2         3           1644            0.5        275.704        2.75704
    3         0             81            0.5        12.8959       0.128959
    3         0            126            0.5        23.5945       0.235945
    3         0            181            0.5        34.4523       0.344523
    3         0            241            0.5        45.2438       0.452438
    3         0            306            0.5        56.4146       0.564146
    3         0            371            0.5        67.3023       0.673023
    3         0            441            0.5        78.8188       0.788188
    3         0            506            0.5        89.3613       0.893613
    3         0            576            0.5        100.578        1.00578
    3         0            646            0.5         111.67         1.1167
    3         0            716            0.5        122.653        1.22653
    3         0            786            0.5         133.54         1.3354
    3         0            856            0.5        144.341        1.44341
    3         0            931            0.5        155.832        1.55832
    3         0           1001            0.5        166.489        1.66489
    3         0           1076            0.5        177.843        1.77843
    3         0           1146            0.5        188.389        1.88389
    3         0           1221            0.5        199.639        1.99639
    3         0           1296            0.5        210.846        2.10846
    3         0           1366            0.5        221.271        2.21271
    3         0           1441            0.5        232.408        2.32408
    3         1            106            0.5        13.3825       0.133825
    3         1            150            0.5        23.2179       0.232179
    3         1            198            0.5        33.2794       0.332794
    3         1            250            0.5        43.5871       0.435871
    3         1            302            0.5        53.4128       0.534128
    3         1            358            0.5        63.5698       0.635698
    3         1            414            0.5         73.378        0.73378
    3         1            474            0.5        83.5814       0.835814
    3         1            534            0.5        93.5348       0.935348
    3         1            598            0.5        103.936        1.03936
    3         1            658            0.5        113.527        1.13527
    3         1            722            0.5        123.625        1.23625
    3         1            786            0.5        133.616        1.33616
    3         1            850            0.5        143.523        1.43523
    3         1            918            0.5         153.98         1.5398
    3         1            982            0.5        163.775        1.63775
    3         1           1046            0.5        173.535        1.73535
    3         1           1114            0.5        183.879        1.83879
    3         1           1178            0.5          193.6          1.936
    3         1           1246            0.5         203.92         2.0392
    3         2             97            0.5         13.791        0.13791
    3         2            130            0.5         23.783        0.23783
    3         2            166            0.5        33.9125       0.339125
    3         2            202            0.5        43.4776       0.434776
    3         2            241            0.5        53.3717       0.533717
    3         2            283            0.5        63.6187       0.636187
    3         2            325            0.5        73.5456       0.735456
    3         2            370            0.5        83.9108       0.839108
    3         2            412            0.5        93.3908       0.933908
    3         2            457            0.5        103.387        1.03387
    3         2            505            0.5        113.909        1.13909
    3         2            550            0.5        123.673        1.23673
    3         2            595            0.5        133.362        1.33362
    3         2            643            0.5        143.637        1.43637
    3         2            691            0.5        153.867        1.53867
    3         2            736            0.5        163.429        1.63429
    3         2            784            0.5         173.61         1.7361
    3         2            832            0.5        183.781        1.83781
    3         2            880            0.5        193.952        1.93952
    3         2            925            0.5        203.489        2.03489
    3         2            973            0.5        213.672        2.13672
    3         2           1021            0.5         223.87         2.2387
    3         3             81            0.5        11.8829       0.118829
    3         3            126            0.5        22.5012       0.225012
    3         3            181            0.5        33.5067       0.335067
    3         3            241            0.5        44.5552       0.445552
    3         3            306            0.5        55.9213       0.559213
    3         3            371            0.5        66.8643       0.668643
    3         3            436            0.5        77.4886       0.774886
    3         3            506            0.5        88.6483       0.886483
    3         3            576            0.5        99.5735       0.995735
    3         3            646            0.5        110.308        1.10308
    3         3            721            0.5        121.638        1.21638
    3         3            796            0.5        132.825        1.32825
    3         3            871            0.5        143.895        1.43895
    3         3            946            0.5        154.872        1.54872
    3         3           1021            0.5        165.773        1.65773
    3         3           1096            0.5        176.615        1.76615
    3         3           1171            0.5        187.409        1.87409
    3         3           1251            0.5        198.882        1.98882
    3         3           1326            0.5        209.609        2.09609
    3         3           1401            0.5        220.317        2.20317
    3         3           1481            0.5        231.721        2.31721
    4         0            111            0.5        8.87521      0.0887521
    4         0            156            0.5         19.104        0.19104
    4         0            221            0.5        30.8112       0.308112
    4         0            291            0.5        41.9483       0.419483
    4         0            361            0.5        52.4374       0.524374
    4         0            441            0.5        63.9799       0.639799
    4         0            516            0.5        74.4994       0.744994
    4         0            596            0.5        85.4687       0.854687
    4         0            681            0.5        96.8882       0.968882
    4         0            761            0.5         107.45         1.0745
    4         0            846            0.5        118.503        1.18503
    4         0            931            0.5        129.408        1.29408
    4         0           1021            0.5        140.816        1.40816
    4         0           1106            0.5        151.481        1.51481
    4         0           1196            0.5        162.672        1.62672
    4         0           1286            0.5        173.776        1.73776
    4         0           1376            0.5        184.806        1.84806
    4         0           1466            0.5        195.772        1.95772
    4         0           1556            0.5        206.685        2.06685
    4         0           1646            0.5        217.554        2.17554
    4         0           1741            0.5        228.985        2.28985
    4         1             78            0.5        8.84659      0.0884659
    4         1            132            0.5        20.5855       0.205855
    4         1            192            0.5        31.1709       0.311709
    4         1            264            0.5        42.2363       0.422363
    4         1            342            0.5         53.254        0.53254
    4         1            426            0.5        64.5709       0.645709
    4         1            510            0.5         75.585        0.75585
    4         1            594            0.5        86.4178       0.864178
    4         1            684            0.5        97.8874       0.978874
    4         1            768            0.5        108.497        1.08497
    4         1            858            0.5        119.783        1.19783
    4         1            948            0.5        130.999        1.30999
    4         1           1032            0.5        141.414        1.41414
    4         1           1122            0.5        152.524        1.52524
    4         1           1212            0.5        163.591        1.63591
    4         1           1302            0.5         174.62         1.7462
    4         1           1392            0.5        185.617        1.85617
    4         1           1482            0.5        196.586        1.96586
    4         1           1572            0.5        207.531        2.07531
    4         1           1662            0.5        218.457        2.18457
    4         1           1752            0.5        229.364        2.29364
    4         2            104            0.5        8.22682      0.0822682
    4         2            152            0.5          19.14         0.1914
    4         2            212            0.5        30.5407       0.305407
    4         2            278            0.5         41.709        0.41709
    4         2            344            0.5        52.1167       0.521167
    4         2            422            0.5        63.8525       0.638525
    4         2            494            0.5        74.3393       0.743393
    4         2            572            0.5        85.4418       0.854418
    4         2            650            0.5        96.3441       0.963441
    4         2            734            0.5        107.912        1.07912
    4         2            812            0.5        118.524        1.18524
    4         2            896            0.5         129.84         1.2984
    4         2            974            0.5        140.258        1.40258
    4         2           1058            0.5        151.399        1.51399
    4         2           1142            0.5        162.469        1.62469
    4         2           1226            0.5        173.481        1.73481
    4         2           1310            0.5        184.443        1.84443
    4         2           1394            0.5        195.362        1.95362
    4         2           1478            0.5        206.246        2.06246
    4         2           1568            0.5        217.872        2.17872
    4         2           1652            0.5        228.699        2.28699
    4         2           1736            0.5        239.503        2.39503
    4         3             98            0.5        8.34767      0.0834767
    4         3            143            0.5        18.8957       0.188957
    4         3            193            0.5        28.6479       0.286479
    4         3            248            0.5        38.2627       0.382627
    4         3            313            0.5        48.8457       0.488457
    4         3            378            0.5        58.9374       0.589374
    4         3            443            0.5        68.7067       0.687067
    4         3            513            0.5        78.9647       0.789647
    4         3            578            0.5        88.2984       0.882984
    4         3            653            0.5         98.881        0.98881
    4         3            723            0.5        108.607        1.08607
    4         3            798            0.5         118.89         1.1889
    4         3            868            0.5        128.377        1.28377
    4         3            943            0.5         138.44         1.3844
    4         3           1018            0.5        148.412        1.48412
    4         3           1098            0.5         158.96         1.5896
    4         3           1173            0.5        168.778        1.68778
    4         3           1248            0.5        178.536        1.78536
    4         3           1328            0.5        188.887        1.88887
    4         3           1403            0.5        198.544        1.98544
    4         3           1483            0.5          208.8          2.088
    5         0             94            0.5        11.7474       0.117474
    5         0            149            0.5        22.9771       0.229771
    5         0            214            0.5        33.9447       0.339447
    5         0            284            0.5        44.5621       0.445621
    5         0            359            0.5        55.3292       0.553292
    5         0            439            0.5        66.4756       0.664756
    5         0            519            0.5        77.4236       0.774236
    5         0            604            0.5        88.9109       0.889109
    5         0            684            0.5         99.618        0.99618
    5         0            769            0.5        110.903        1.10903
    5         0            849            0.5         121.45         1.2145
    5         0            934            0.5        132.587        1.32587
    5         0           1019            0.5        143.661        1.43661
    5         0           1104            0.5        154.681        1.54681
    5         0           1189            0.5        165.652        1.65652
    5         0           1274            0.5         176.58         1.7658
    5         0           1359            0.5        187.469        1.87469
    5         0           1449            0.5        198.964        1.98964
    5         0           1534            0.5         209.79         2.0979
    5         0           1619            0.5        220.592        2.20592
    5         1             86            0.5          7.774        0.07774
    5         1            149            0.5        19.9111       0.199111
    5         1            219            0.5        30.3988       0.303988
    5         1            303            0.5        41.2688       0.412688
    5         1            394            0.5        52.1847       0.521847
    5         1            492            0.5        63.5227       0.635227
    5         1            590            0.5        74.6495       0.746495
    5         1            688            0.5        85.6481       0.856481
    5         1            786            0.5        96.5517       0.965517
    5         1            884            0.5        107.377        1.07377
    5         1            989            0.5        118.899        1.18899
    5         1           1087            0.5         129.59         1.2959
    5         1           1192            0.5        140.986        1.40986
    5         1           1290            0.5        151.573        1.51573
    5         1           1395            0.5         162.87         1.6287
    5         1           1493            0.5        173.376        1.73376
    5         1           1598            0.5        184.598        1.84598
    5         1           1703            0.5        195.787        1.95787
    5         1           1808            0.5        206.951        2.06951
    5         1           1906            0.5        217.349        2.17349
    5         1           2011            0.5        228.472        2.28472
    5         2             85            0.5        11.4399       0.114399
    5         2            145            0.5        20.5875       0.205875
    5         2            205            0.5        29.3074       0.293074
    5         2            271            0.5        38.4933       0.384933
    5         2            337            0.5        47.3092       0.473092
    5         2            409            0.5        56.5635       0.565635
    5         2            481            0.5        65.4972       0.654972
    5         2            559            0.5        74.8768       0.748768
    5         2            631            0.5        83.3099       0.833099
    5         2            715            0.5        92.9301       0.929301
    5         2            793            0.5        101.696        1.01696
    5         2            877            0.5        110.995        1.10995
    5         2            955            0.5        119.529        1.19529
    5         2           1039            0.5        128.634        1.28634
    5         2           1123            0.5        137.672        1.37672
    5         2           1207            0.5         146.66         1.4666
    5         2           1291            0.5         155.61         1.5561
    5         2           1375            0.5        164.534        1.64534
    5         2           1459            0.5        173.439        1.73439
    5         2           1549            0.5        182.968        1.82968
    5         2           1633            0.5        191.854        1.91854
    5         2           1717            0.5        200.741        2.00741
    5         3             99            0.5         9.6908       0.096908
    5         3            180            0.5        19.8499       0.198499
    5         3            270            0.5        28.7521       0.287521
    5         3            369            0.5        37.5663       0.375663
    5         3            477            0.5        46.6561       0.466561
    5         3            585            0.5        55.4112       0.554112
    5         3            702            0.5        64.6141       0.646141
    5         3            819            0.5        73.5769       0.735769
    5         3            936            0.5        82.3356       0.823356
    5         3           1062            0.5        91.5725       0.915725
    5         3           1188            0.5        100.635        1.00635
    5         3           1314            0.5        109.548        1.09548
    5         3           1449            0.5        118.954        1.18954
    5         3           1575            0.5        127.618        1.27618
    5         3           1710            0.5        136.796        1.36796
    5         3           1845            0.5        145.881        1.45881
    5         3           1980            0.5        154.885        1.54885
    5         3           2115            0.5        163.821        1.63821
    5         3           2250            0.5        172.699        1.72699
    5         3           2385            0.5        181.526        1.81526
    5         3           2529            0.5        190.896        1.90896
    6         0             70            0.5        10.7101       0.107101
    6         0            120            0.5        22.7682       0.227682
    6         0            175            0.5        33.3839       0.333839
    6         0            240            0.5        44.4962       0.444962
    6         0            310            0.5        55.6146       0.556146
    6         0            385            0.5        66.9577       0.669577
    6         0            460            0.5        77.9005       0.779005
    6         0            535            0.5        88.5451       0.885451
    6         0            615            0.5        99.6418       0.996418
    6         0            695            0.5        110.525        1.10525
    6         0            780            0.5        121.898        1.21898
    6         0            860            0.5        132.456        1.32456
    6         0            945            0.5        143.548        1.43548
    6         0           1030            0.5         154.53         1.5453
    6         0           1115            0.5        165.425        1.65425
    6         0           1205            0.5        176.882        1.76882
    6         0           1290            0.5        187.642        1.87642
    6         0           1380            0.5        198.982        1.98982
    6         0           1465            0.5        209.654        2.09654
    6         0           1555            0.5        220.922        2.20922
    6         0           1640            0.5         231.54         2.3154
    6         1             77            0.5        11.2694       0.112694
    6         1            131            0.5        22.4845       0.224845
    6         1            197            0.5         33.712        0.33712
    6         1            269            0.5        44.9192       0.449192
    6         1            341            0.5         55.661        0.55661
    6         1            419            0.5         66.989        0.66989
    6         1            491            0.5        77.2343       0.772343
    6         1            575            0.5        88.9784       0.889784
    6         1            653            0.5        99.7121       0.997121
    6         1            731            0.5        110.305        1.10305
    6         1            815            0.5        121.577        1.21577
    6         1            899            0.5        132.727        1.32727
    6         1            983            0.5        143.775        1.43775
    6         1           1067            0.5        154.735        1.54735
    6         1           1151            0.5        165.621        1.65621
    6         1           1235            0.5        176.443        1.76443
    6         1           1325            0.5        187.979        1.87979
    6         1           1409            0.5        198.701        1.98701
    6         1           1493            0.5        209.386        2.09386
    6         1           1583            0.5        220.799        2.20799
    6         1           1667            0.5        231.426        2.31426
    6         2             86            0.5        11.8909       0.118909
    6         2            126            0.5        20.1492       0.201492
    6         2            176            0.5          29.69         0.2969
    6         2            226            0.5        38.3452       0.383452
    6         2            286            0.5         47.879        0.47879
    6         2            346            0.5        56.7569       0.567569
    6         2            411            0.5        65.8544       0.658544
    6         2            476            0.5        74.5642       0.745642
    6         2            546            0.5        83.6308       0.836308
    6         2            616            0.5        92.4607       0.924607
    6         2            691            0.5        101.732        1.01732
    6         2            766            0.5        110.862        1.10862
    6         2            841            0.5        119.894        1.19894
    6         2            916            0.5         128.86         1.2886
    6         2            991            0.5        137.783        1.37783
    6         2           1066            0.5        146.683        1.46683
    6         2           1141            0.5        155.577        1.55577
    6         2           1216            0.5        164.474        1.64474
    6         2           1296            0.5        173.982        1.73982
    6         2           1371            0.5        182.918        1.82918
    6         3             92            0.5        11.8866       0.118866
    6         3            127            0.5        20.3134       0.203134
    6         3            172            0.5        29.2399       0.292399
    6         3            227            0.5        38.7043       0.387043
    6         3            282            0.5        47.3965       0.473965
    6         3            342            0.5         56.437        0.56437
    6         3            407            0.5        65.9419       0.659419
    6         3            467            0.5        74.5473       0.745473
    6         3            532            0.5         83.739        0.83739
    6         3            597            0.5         92.823        0.92823
    6         3            662            0.5        101.817        1.01817
    6         3            727            0.5        110.733        1.10733
    6         3            792            0.5         119.58         1.1958
    6         3            857            0.5        128.365        1.28365
    6         3            927            0.5        137.764        1.37764
    6         3            992            0.5        146.441        1.46441
    6         3           1062            0.5        155.735        1.55735
    6         3           1132            0.5        164.983        1.64983
    6         3           1197            0.5        173.534        1.73534
    6         3           1267            0.5        182.709        1.82709
    6         3           1337            0.5         191.85         1.9185
    6         3           1407            0.5        200.962        2.00962
    7         0             97            0.5        9.75978      0.0975978
    7         0            142            0.5        19.3405       0.193405
    7         0            192            0.5        28.3117       0.283117
    7         0            247            0.5        37.4684       0.374684
    7         0            307            0.5        46.9489       0.469489
    7         0            362            0.5        55.3075       0.553075
    7         0            427            0.5        64.8747       0.648747
    7         0            487            0.5        73.4678       0.734678
    7         0            552            0.5        82.5688       0.825688
    7         0            617            0.5        91.4912       0.914912
    7         0            687            0.5        100.935        1.00935
    7         0            752            0.5        109.575        1.09575
    7         0            822            0.5        118.764        1.18764
    7         0            892            0.5         127.85         1.2785
    7         0            962            0.5         136.85         1.3685
    7         0           1032            0.5        145.776        1.45776
    7         0           1102            0.5        154.638        1.54638
    7         0           1172            0.5        163.447        1.63447
    7         0           1247            0.5        172.833        1.72833
    7         0           1317            0.5        181.553        1.81553
    7         0           1392            0.5        190.858        1.90858
    7         1             90            0.5        9.11333      0.0911333
    7         1            130            0.5         18.081        0.18081
    7         1            180            0.5        27.3987       0.273987
    7         1            235            0.5        36.3586       0.363586
    7         1            295            0.5        45.2883       0.452883
    7         1            360            0.5        54.3943       0.543943
    7         1            430            0.5        63.8026       0.638026
    7         1            500            0.5        72.9433       0.729433
    7         1            570            0.5        81.8971       0.818971
    7         1            640            0.5        90.7102       0.907102
    7         1            710            0.5        99.4133       0.994133
    7         1            785            0.5        108.639        1.08639
    7         1            860            0.5        117.779        1.17779
    7         1            935            0.5        126.849        1.26849
    7         1           1010            0.5        135.859        1.35859
    7         1           1085            0.5        144.819        1.44819
    7         1           1160            0.5        153.736        1.53736
    7         1           1235            0.5        162.615        1.62615
    7         1           1310            0.5        171.463        1.71463
    7         1           1390            0.5        180.873        1.80873
    7         1           1465            0.5        189.672        1.89672
    7         2            110            0.5        9.56981      0.0956981
    7         2            142            0.5        16.8476       0.168476
    7         2            178            0.5        23.8776       0.238776
    7         2            218            0.5        30.9082       0.309082
    7         2            258            0.5        37.4395       0.374395
    7         2            306            0.5        44.8444       0.448444
    7         2            354            0.5        51.9158       0.519158
    7         2            402            0.5        58.7379       0.587379
    7         2            454            0.5        65.9075       0.659075
    7         2            506            0.5        72.8908       0.728908
    7         2            558            0.5        79.7197       0.797197
    7         2            614            0.5         86.928        0.86928
    7         2            666            0.5         93.506        0.93506
    7         2            726            0.5        100.977        1.00977
    7         2            782            0.5        107.852        1.07852
    7         2            838            0.5        114.644        1.14644
    7         2            898            0.5        121.841        1.21841
    7         2            958            0.5        128.966        1.28966
    7         2           1014            0.5        135.559        1.35559
    7         2           1074            0.5        142.571        1.42571
    7         2           1138            0.5        149.997        1.49997
    7         2           1198            0.5        156.915        1.56915
    7         3             82            0.5        10.3799       0.103799
    7         3            130            0.5        19.7355       0.197355
    7         3            182            0.5        28.4432       0.284432
    7         3            242            0.5        37.9323       0.379323
    7         3            298            0.5        46.4864       0.464864
    7         3            358            0.5        55.4278       0.554278
    7         3            422            0.5        64.7712       0.647712
    7         3            486            0.5        73.9545       0.739545
    7         3            546            0.5        82.4438       0.824438
    7         3            614            0.5         91.946        0.91946
    7         3            678            0.5         100.79         1.0079
    7         3            742            0.5        109.552        1.09552
    7         3            810            0.5        118.781        1.18781
    7         3            878            0.5        127.939        1.27939
    7         3            942            0.5        136.499        1.36499
    7         3           1010            0.5        145.539        1.45539
    7         3           1078            0.5        154.529        1.54529
    7         3           1150            0.5        163.997        1.63997
    7         3           1218            0.5        172.898        1.72898
    7         3           1286            0.5        181.761        1.81761
    7         3           1354            0.5        190.592        1.90592
    8         0            103            0.5        9.51448      0.0951448
    8         0            139            0.5        17.3072       0.173072
    8         0            183            0.5        25.4593       0.254593
    8         0            231            0.5        33.4287       0.334287
    8         0            283            0.5        41.4121       0.414121
    8         0            339            0.5         49.514        0.49514
    8         0            399            0.5        57.7935       0.577935
    8         0            459            0.5         65.765        0.65765
    8         0            519            0.5        73.4983       0.734983
    8         0            583            0.5        81.5373       0.815373
    8         0            651            0.5        89.8874       0.898874
    8         0            715            0.5        97.5989       0.975989
    8         0            783            0.5        105.663        1.05663
    8         0            851            0.5        113.616        1.13616
    8         0            923            0.5        121.936        1.21936
    8         0            991            0.5        129.715        1.29715
    8         0           1063            0.5        137.882        1.37882
    8         0           1135            0.5        145.989        1.45989
    8         0           1203            0.5          153.6          1.536
    8         0           1275            0.5        161.619        1.61619
    8         1            131            0.5        10.7433       0.107433
    8         1            171            0.5         17.948        0.17948
    8         1            211            0.5        24.6584       0.246584
    8         1            255            0.5         31.592        0.31592
    8         1            303            0.5        38.7159       0.387159
    8         1            351            0.5        45.4604       0.454604
    8         1            407            0.5        52.9367       0.529367
    8         1            459            0.5        59.5707       0.595707
    8         1            519            0.5        66.9292       0.669292
    8         1            575            0.5         73.567        0.73567
    8         1            639            0.5        80.9377       0.809377
    8         1            699            0.5        87.6818       0.876818
    8         1            763            0.5        94.7373       0.947373
    8         1            827            0.5         101.68         1.0168
    8         1            895            0.5        108.962        1.08962
    8         1            959            0.5        115.747        1.15747
    8         1           1027            0.5          122.9          1.229
    8         1           1091            0.5        129.593        1.29593
    8         1           1159            0.5        136.675        1.36675
    8         1           1227            0.5        143.736        1.43736
    8         1           1295            0.5        150.783        1.50783
    8         1           1363            0.5        157.823        1.57823
    8         1           1431            0.5        164.861        1.64861
    8         2            110            0.5         9.9836       0.099836
    8         2            145            0.5        18.0238       0.180238
    8         2            195            0.5        27.3345       0.273345
    8         2            250            0.5        36.3357       0.363357
    8         2            310            0.5        45.4809       0.454809
    8         2            375            0.5        54.9462       0.549462
    8         2            435            0.5        63.4046       0.634046
    8         2            500            0.5        72.3333       0.723333
    8         2            570            0.5        81.7214       0.817214
    8         2            640            0.5        90.9081       0.909081
    8         2            710            0.5        99.9207       0.999207
    8         2            780            0.5        108.781        1.08781
    8         2            850            0.5        117.507        1.17507
    8         2            925            0.5        126.726        1.26726
    8         2           1000            0.5        135.827        1.35827
    8         2           1075            0.5        144.823        1.44823
    8         2           1150            0.5        153.728        1.53728
    8         2           1225            0.5        162.552        1.62552
    8         2           1305            0.5        171.886        1.71886
    8         2           1380            0.5        180.572        1.80572
    8         2           1460            0.5        189.776        1.89776
    8         3            114            0.5        11.7505       0.117505
    8         3            141            0.5        17.4645       0.174645
    8         3            174            0.5        23.6706       0.236706
    8         3            207            0.5        29.5181       0.295181
    8         3            243            0.5        35.6553       0.356553
    8         3            279            0.5        41.6138       0.416138
    8         3            318            0.5        47.9137       0.479137
    8         3            354            0.5        53.6121       0.536121
    8         3            393            0.5        59.6789       0.596789
    8         3            432            0.5        65.6503       0.656503
    8         3            474            0.5        71.9881       0.719881
    8         3            513            0.5        77.7972       0.777972
    8         3            555            0.5        83.9804       0.839804
    8         3            594            0.5        89.6613       0.896613
    8         3            636            0.5        95.7206       0.957206
    8         3            678            0.5        101.724        1.01724
    8         3            720            0.5        107.678        1.07678
    8         3            762            0.5        113.586        1.13586
    8         3            807            0.5        119.871        1.19871
    8         3            849            0.5        125.696        1.25696
    8         3            894            0.5        131.899        1.31899
    8         3            936            0.5        137.655        1.37655
    8         3            981            0.5        143.789        1.43789
    9         0            109            0.5        8.15467      0.0815467
    9         0            145            0.5        15.9671       0.159671
    9         0            181            0.5        22.3534       0.223534
    9         0            225            0.5         29.554        0.29554
    9         0            269            0.5        36.3993       0.363993
    9         0            317            0.5        43.6031       0.436031
    9         0            365            0.5        50.6039       0.506039
    9         0            413            0.5        57.4443       0.574443
    9         0            465            0.5        64.7059       0.647059
    9         0            517            0.5        71.8369       0.718369
    9         0            569            0.5        78.8559       0.788559
    9         0            621            0.5        85.7765       0.857765
    9         0            673            0.5        92.6109       0.926109
    9         0            729            0.5        99.8848       0.998848
    9         0            781            0.5        106.567        1.06567
    9         0            837            0.5        113.695        1.13695
    9         0            893            0.5        120.757        1.20757
    9         0            949            0.5         127.76         1.2776
    9         0           1005            0.5         134.71         1.3471
    9         0           1061            0.5         141.61         1.4161
    9         0           1121            0.5        148.954        1.48954
    9         0           1177            0.5        155.766        1.55766
    9         0           1233            0.5        162.539        1.62539
    9         1             96            0.5         10.036        0.10036
    9         1            140            0.5        18.9162       0.189162
    9         1            188            0.5        26.9851       0.269851
    9         1            236            0.5        34.5266       0.345266
    9         1            292            0.5        42.9744       0.429744
    9         1            344            0.5        50.5972       0.505972
    9         1            400            0.5        58.6322       0.586322
    9         1            456            0.5        66.5252       0.665252
    9         1            516            0.5        74.8531       0.748531
    9         1            572            0.5        82.5243       0.825243
    9         1            632            0.5        90.6503       0.906503
    9         1            692            0.5        98.6917       0.986917
    9         1            752            0.5        106.658        1.06658
    9         1            812            0.5        114.558        1.14558
    9         1            876            0.5        122.918        1.22918
    9         1            936            0.5          130.7          1.307
    9         1           1000            0.5        138.946        1.38946
    9         1           1060            0.5         146.63         1.4663
    9         1           1124            0.5        154.779        1.54779
    9         1           1188            0.5        162.886        1.62886
    9         1           1252            0.5        170.952        1.70952
    9         1           1316            0.5        178.981        1.78981
    9         2            123            0.5        11.8226       0.118226
    9         2            167            0.5        19.8066       0.198066
    9         2            219            0.5        27.8403       0.278403
    9         2            275            0.5        35.9372       0.359372
    9         2            331            0.5        43.7351       0.437351
    9         2            391            0.5        51.8764       0.518764
    9         2            451            0.5        59.8578       0.598578
    9         2            511            0.5        67.7157       0.677157
    9         2            575            0.5        75.9872       0.759872
    9         2            635            0.5        83.6556       0.836556
    9         2            699            0.5        91.7577       0.917577
    9         2            763            0.5        99.7901       0.997901
    9         2            827            0.5        107.761        1.07761
    9         2            891            0.5        115.679        1.15679
    9         2            955            0.5        123.549        1.23549
    9         2           1023            0.5        131.864        1.31864
    9         2           1087            0.5         139.65         1.3965
    9         2           1155            0.5        147.885        1.47885
    9         2           1219            0.5        155.602        1.55602
    9         2           1287            0.5        163.771        1.63771
    9         2           1355            0.5        171.909        1.71909
    9         2           1419            0.5        179.543        1.79543
    9         3            115            0.5        9.87122      0.0987122
    9         3            148            0.5        16.9439       0.169439
    9         3            187            0.5        23.9382       0.239382
    9         3            229            0.5        30.8541       0.308541
    9         3            274            0.5        37.8815       0.378815
    9         3            319            0.5        44.6497       0.446497
    9         3            367            0.5        51.6609       0.516609
    9         3            418            0.5        58.9281       0.589281
    9         3            466            0.5        65.6293       0.656293
    9         3            517            0.5        72.6268       0.726268
    9         3            571            0.5        79.9192       0.799192
    9         3            622            0.5        86.7122       0.867122
    9         3            676            0.5        93.8174       0.938174
    9         3            730            0.5        100.844        1.00844
    9         3            784            0.5        107.801        1.07801
    9         3            838            0.5        114.697        1.14697
    9         3            895            0.5        121.915        1.21915
    9         3            949            0.5        128.703        1.28703
    9         3           1006            0.5         135.82         1.3582
    9         3           1063            0.5        142.892        1.42892
    9         3           1120            0.5        149.923        1.49923
   10         0            103            0.5        7.19277      0.0719277
   10         0            135            0.5        13.9696       0.139696
   10         0            167            0.5        19.5786       0.195786
   10         0            207            0.5        25.8007       0.258007
   10         0            247            0.5        31.5611       0.315611
   10         0            291            0.5        37.5943       0.375943
   10         0            339            0.5        43.9423       0.439423
   10         0            383            0.5        49.6048       0.496048
   10         0            431            0.5        55.6451       0.556451
   10         0            479            0.5        61.5629       0.615629
   10         0            531            0.5        67.8524       0.678524
   10         0            579            0.5        73.5571       0.735571
   10         0            631            0.5        79.6382       0.796382
   10         0            683            0.5        85.6257       0.856257
   10         0            739            0.5        91.9781       0.919781
   10         0            791            0.5        97.7956       0.977956
   10         0            847            0.5        103.982        1.03982
   10         0            899            0.5        109.658        1.09658
   10         0            955            0.5        115.704        1.15704
   10         0           1011            0.5        121.687        1.21687
   10         0           1067            0.5        127.613        1.27613
   10         0           1127            0.5        133.904        1.33904
   10         0           1183            0.5        139.725        1.39725
   10         1            110            0.5        8.77524      0.0877524
   10         1            146            0.5        15.7115       0.157115
   10         1            190            0.5        22.7414       0.227414
   10         1            238            0.5        29.8152       0.298152
   10         1            286            0.5        36.5712       0.365712
   10         1            338            0.5        43.6615       0.436615
   10         1            390            0.5        50.5799       0.505799
   10         1            446            0.5        57.8816       0.578816
   10         1            498            0.5        64.5496       0.645496
   10         1            554            0.5         71.629        0.71629
   10         1            610            0.5        78.6178       0.786178
   10         1            666            0.5        85.5273       0.855273
   10         1            726            0.5        92.8524       0.928524
   10         1            782            0.5        99.6245       0.996245
   10         1            842            0.5        106.818        1.06818
   10         1            902            0.5        113.953        1.13953
   10         1            958            0.5        120.564        1.20564
   10         1           1018            0.5        127.601        1.27601
   10         1           1078            0.5        134.592        1.34592
   10         1           1138            0.5        141.542        1.41542
   10         1           1202            0.5        148.913        1.48913
   10         2            125            0.5        8.59378      0.0859378
   10         2            165            0.5        15.4234       0.154234
   10         2            213            0.5        22.9414       0.229414
   10         2            257            0.5        29.4382       0.294382
   10         2            309            0.5        36.7378       0.367378
   10         2            361            0.5        43.7001       0.437001
   10         2            417            0.5        50.8872       0.508872
   10         2            473            0.5         57.808        0.57808
   10         2            533            0.5        64.9789       0.649789
   10         2            593            0.5        71.9402       0.719402
   10         2            653            0.5        78.7268       0.787268
   10         2            717            0.5        85.8053       0.858053
   10         2            781            0.5        92.7448       0.927448
   10         2            849            0.5         99.991        0.99991
   10         2            913            0.5         106.71         1.0671
   10         2            981            0.5         113.76         1.1376
   10         2           1049            0.5        120.733        1.20733
   10         2           1117            0.5        127.641        1.27641
   10         2           1189            0.5        134.895        1.34895
   10         2           1257            0.5        141.701        1.41701
   10         2           1329            0.5        148.866        1.48866
   10         3            109            0.5        10.8304       0.108304
   10         3            145            0.5        17.3846       0.173846
   10         3            189            0.5        24.9641       0.249641
   10         3            229            0.5        31.5449       0.315449
   10         3            273            0.5        38.5105       0.385105
   10         3            321            0.5        45.8387       0.458387
   10         3            369            0.5        52.9307       0.529307
   10         3            417            0.5        59.8227       0.598227
   10         3            465            0.5        66.5434       0.665434
   10         3            517            0.5        73.6575       0.736575
   10         3            569            0.5        80.6218       0.806218
   10         3            625            0.5        87.9764       0.879764
   10         3            677            0.5        94.6882       0.946882
   10         3            733            0.5        101.805        1.01805
   10         3            789            0.5        108.822        1.08822
   10         3            845            0.5        115.749        1.15749
   10         3            901            0.5        122.597        1.22597
   10         3            961            0.5        129.858        1.29858
   10         3           1017            0.5        136.571        1.36571
   10         3           1077            0.5        143.702        1.43702
   10         3           1137            0.5        150.777        1.50777
   11         0            135            0.5        11.4986       0.114986
   11         0            168            0.5        18.4753       0.184753
   11         0            207            0.5        25.7626       0.257626
   11         0            249            0.5        32.9661       0.329661
   11         0            291            0.5        39.7338       0.397338
   11         0            336            0.5        46.6362       0.466362
   11         0            384            0.5        53.6951       0.536951
   11         0            435            0.5        60.9256       0.609256
   11         0            486            0.5         67.934        0.67934
   11         0            537            0.5         74.762        0.74762
   11         0            591            0.5        81.8301       0.818301
   11         0            645            0.5         88.761        0.88761
   11         0            702            0.5         95.954        0.95954
   11         0            756            0.5        102.671        1.02671
   11         0            813            0.5        109.677        1.09677
   11         0            873            0.5        116.973        1.16973
   11         0            930            0.5        123.843        1.23843
   11         0            987            0.5        130.664        1.30664
   11         0           1047            0.5          137.8          1.378
   11         0           1107            0.5          144.9          1.449
   11         1            119            0.5         16.658        0.16658
   11         1            155            0.5        22.5518       0.225518
   11         1            194            0.5         28.836        0.28836
   11         1            230            0.5          34.54         0.3454
   11         1            269            0.5         40.608        0.40608
   11         1            308            0.5        46.5558       0.465558
   11         1            350            0.5        52.8256       0.528256
   11         1            392            0.5        58.9585       0.589585
   11         1            434            0.5        64.9625       0.649625
   11         1            476            0.5        70.8484       0.708484
   11         1            518            0.5        76.6291       0.766291
   11         1            563            0.5        82.7209       0.827209
   11         1            608            0.5        88.7246       0.887246
   11         1            653            0.5        94.6562       0.946562
   11         1            701            0.5        100.921        1.00921
   11         1            746            0.5         106.75         1.0675
   11         1            794            0.5        112.934        1.12934
   11         1            839            0.5        118.712        1.18712
   11         1            887            0.5        124.864        1.24864
   11         1            932            0.5        130.629        1.30629
   11         1            980            0.5        136.784        1.36784
   11         1           1028            0.5        142.951        1.42951
   11         1           1073            0.5        148.749        1.48749
   11         2            135            0.5        10.4484       0.104484
   11         2            174            0.5        16.9335       0.169335
   11         2            216            0.5        22.9271       0.229271
   11         2            261            0.5        28.9573       0.289573
   11         2            306            0.5         34.765        0.34765
   11         2            354            0.5        40.7958       0.407958
   11         2            402            0.5        46.6999       0.466999
   11         2            453            0.5        52.8631       0.528631
   11         2            504            0.5        58.9326       0.589326
   11         2            555            0.5        64.9225       0.649225
   11         2            606            0.5        70.8428       0.708428
   11         2            657            0.5        76.7022       0.767022
   11         2            711            0.5        82.8462       0.828462
   11         2            765            0.5        88.9354       0.889354
   11         2            819            0.5        94.9749       0.949749
   11         2            873            0.5        100.969        1.00969
   11         2            927            0.5        106.921        1.06921
   11         2            981            0.5        112.836        1.12836
   11         2           1035            0.5        118.714        1.18714
   11         2           1092            0.5        124.884        1.24884
   11         2           1146            0.5        130.699        1.30699
   11         3            109            0.5        11.9879       0.119879
   11         3            141            0.5        17.5413       0.175413
   11         3            181            0.5        23.8485       0.238485
   11         3            221            0.5        29.8632       0.298632
   11         3            261            0.5        35.6851       0.356851
   11         3            305            0.5        41.9156       0.419156
   11         3            349            0.5        47.9957       0.479957
   11         3            393            0.5        53.9468       0.539468
   11         3            437            0.5        59.7846       0.597846
   11         3            481            0.5        65.5222       0.655222
   11         3            529            0.5        71.6785       0.716785
   11         3            577            0.5        77.7386       0.777386
   11         3            625            0.5        83.7115       0.837115
   11         3            673            0.5        89.6056       0.896056
   11         3            725            0.5        95.9092       0.959092
   11         3            773            0.5        101.659        1.01659
   11         3            825            0.5         107.82         1.0782
   11         3            877            0.5        113.917        1.13917
   11         3            929            0.5        119.953        1.19953
   11         3            981            0.5        125.934        1.25934
   11         3           1033            0.5        131.863        1.31863
   11         3           1085            0.5        137.746        1.37746
   11         3           1137            0.5        143.584        1.43584
