 *tel    numcsi   CsIInVoltage     errCsIInVoltage           CsIE       errCsIE
    0         0      0.0233877    0.000233877        13.0537       0.130537
    0         0      0.0950042    0.000950042        26.8553       0.268553
    0         0       0.169954     0.00169954        39.3627       0.393627
    0         0       0.253385     0.00253385        52.0447       0.520447
    0         0        0.34312      0.0034312        65.3853       0.653853
    0         0       0.433021     0.00433021         78.534        0.78534
    0         0       0.524241     0.00524241        91.5579       0.915579
    0         0       0.614057     0.00614057         104.48         1.0448
    0         0       0.703614     0.00703614        117.314        1.17314
    0         0       0.794793     0.00794793        130.068        1.30068
    0         0       0.892206     0.00892206        143.723        1.43723
    0         0       0.983052     0.00983052        156.336        1.56336
    0         0        1.08317      0.0108317        169.858        1.69858
    0         0         1.1769       0.011769        182.363        1.82363
    0         0         1.2798       0.012798        195.783        1.95783
    0         0         1.3773       0.013773        208.207        2.08207
    0         0        1.48451      0.0148451         221.55         2.2155
    0         0        1.59324      0.0159324         234.86         2.3486
    0         0        1.69616      0.0169616        247.196        2.47196
    0         0        1.80707      0.0180707        260.459        2.60459
    0         0        1.91862      0.0191862        273.701        2.73701
    0         0        2.03124      0.0203124        286.926        2.86926
    0         1      0.0204121    0.000204121        11.7644       0.117644
    0         1       0.110657     0.00110657        26.7989       0.267989
    0         1       0.202817     0.00202817        42.1429       0.421429
    0         1       0.303476     0.00303476        57.9944       0.579944
    0         1        0.39714      0.0039714        72.2615       0.722615
    0         1       0.498365     0.00498365        87.2581       0.872581
    0         1       0.607645     0.00607645        102.999        1.02999
    0         1       0.709269     0.00709269        117.452        1.17452
    0         1       0.817625     0.00817625        132.736        1.32736
    0         1        0.92655      0.0092655        147.853        1.47853
    0         1        1.03682      0.0103682        162.836        1.62836
    0         1        1.14873      0.0114873        177.713        1.77713
    0         1        1.26375      0.0126375        192.502        1.92502
    0         1        1.38118      0.0138118        207.221        2.07221
    0         1        1.50958      0.0150958        222.856        2.22856
    0         1        1.63176      0.0163176        237.467        2.37467
    0         1         1.7562       0.017562        252.038        2.52038
    0         1        1.88868      0.0188868        267.547        2.67547
    0         1        2.01381      0.0201381         282.06         2.8206
    0         1        2.14878      0.0214878        297.515        2.97515
    0         1        2.28309      0.0228309         312.95         3.1295
    0         1        2.40966      0.0240966        327.407        3.27407
    0         2      0.0348195    0.000348195        13.9617       0.139617
    0         2       0.123394     0.00123394        28.4784       0.284784
    0         2       0.217498     0.00217498        43.2517       0.432517
    0         2       0.318711     0.00318711        58.5912       0.585912
    0         2       0.420182     0.00420182         73.508        0.73508
    0         2       0.522391     0.00522391        88.0991       0.880991
    0         2        0.63123      0.0063123        103.445        1.03445
    0         2       0.741322     0.00741322        118.548        1.18548
    0         2       0.850101     0.00850101        133.454        1.33454
    0         2       0.960538     0.00960538        148.194        1.48194
    0         2        1.07925      0.0107925        163.764        1.63764
    0         2        1.19313      0.0119313         178.24         1.7824
    0         2        1.31748      0.0131748         193.57         1.9357
    0         2        1.44444      0.0144444          208.8          2.088
    0         2        1.57394      0.0157394        223.946        2.23946
    0         2        1.69838      0.0169838        238.078        2.38078
    0         2         1.8318       0.018318         253.09         2.5309
    0         2        1.97485      0.0197485        268.974        2.68974
    0         2        2.10943      0.0210943        283.871        2.83871
    0         2        2.24568      0.0224568        298.721        2.98721
    0         2        2.38132      0.0238132        313.529        3.13529
    0         3      0.0246106    0.000246106        13.6795       0.136795
    0         3       0.117585     0.00117585        28.7551       0.287551
    0         3       0.207512     0.00207512        42.6703       0.426703
    0         3       0.296991     0.00296991        56.1221       0.561221
    0         3       0.395612     0.00395612        70.3301       0.703301
    0         3       0.493127     0.00493127        84.2499       0.842499
    0         3       0.598005     0.00598005        98.9889       0.989889
    0         3       0.695659     0.00695659        112.489        1.12489
    0         3       0.800611     0.00800611        126.865        1.26865
    0         3       0.898366     0.00898366         140.09         1.4009
    0         3         1.0054       0.010054        154.223        1.54223
    0         3        1.11299      0.0111299        168.262        1.68262
    0         3        1.22293      0.0122293        182.221        1.82221
    0         3        1.33689      0.0133689        196.113        1.96113
    0         3        1.45977      0.0145977        210.938        2.10938
    0         3        1.57709      0.0157709        224.723        2.24723
    0         3         1.6965       0.016965        238.469        2.38469
    0         3        1.81701      0.0181701        252.181        2.52181
    0         3        1.94628      0.0194628        266.838        2.66838
    0         3        2.06803      0.0206803        280.493        2.80493
    0         3        2.19072      0.0219072        294.124        2.94124
    1         0      0.0274619    0.000274619        11.4483       0.114483
    1         0       0.119715     0.00119715        28.9775       0.289775
    1         0       0.225364     0.00225364        45.5224       0.455224
    1         0       0.340041     0.00340041        62.0631       0.620631
    1         0       0.462652     0.00462652        79.3028       0.793028
    1         0       0.585926     0.00585926        96.2782       0.962782
    1         0        0.70941      0.0070941        113.056        1.13056
    1         0       0.840273     0.00840273        130.768        1.30768
    1         0       0.964944     0.00964944        147.222        1.47222
    1         0        1.09893      0.0109893        164.635        1.64635
    1         0        1.23689      0.0123689        181.926        1.81926
    1         0        1.36982      0.0136982         198.04         1.9804
    1         0        1.51548      0.0151548        215.142        2.15142
    1         0        1.66283      0.0166283        232.167        2.32167
    1         0        1.81336      0.0181336        249.124        2.49124
    1         0        1.96512      0.0196512        266.027        2.66027
    1         0        2.12636      0.0212636        283.933        2.83933
    1         0        2.27927      0.0227927        300.742        3.00742
    1         0        2.43264      0.0243264        317.513        3.17513
    1         0        2.58696      0.0258696        334.253        3.34253
    1         0        2.74025      0.0274025        350.964        3.50964
    1         1      0.0283392    0.000283392        12.3512       0.123512
    1         1       0.141278     0.00141278        30.2823       0.302823
    1         1       0.262711     0.00262711        48.8356       0.488356
    1         1       0.384144     0.00384144        66.8135       0.668135
    1         1       0.504856     0.00504856        84.3698       0.843698
    1         1       0.635756     0.00635756        102.914        1.02914
    1         1       0.756887     0.00756887        119.866        1.19866
    1         1       0.887666     0.00887666        137.891        1.37891
    1         1        1.02946      0.0102946        156.985        1.56985
    1         1         1.1644       0.011644         174.64         1.7464
    1         1        1.30239      0.0130239         192.16         1.9216
    1         1         1.4551       0.014551        210.803        2.10803
    1         1        1.60131      0.0160131        228.101        2.28101
    1         1        1.75967      0.0175967        246.542        2.46542
    1         1        1.92069      0.0192069        264.895        2.64895
    1         1        2.07201      0.0207201        281.957        2.81957
    1         1         2.2343       0.022343        300.171        3.00171
    1         1        2.39786      0.0239786        318.323        3.18323
    1         1        2.56127      0.0256127        336.416        3.36416
    1         1        2.72528      0.0272528        354.455        3.54455
    1         2      0.0344103    0.000344103        14.5083       0.145083
    1         2       0.131967     0.00131967        29.6706       0.296706
    1         2       0.225637     0.00225637         44.213        0.44213
    1         2       0.328008     0.00328008        59.4069       0.594069
    1         2       0.429774     0.00429774        74.2372       0.742372
    1         2       0.539138     0.00539138        89.8143       0.898143
    1         2       0.641435     0.00641435        104.121        1.04121
    1         2       0.750643     0.00750643        119.249        1.19249
    1         2       0.860941     0.00860941        134.207        1.34207
    1         2       0.971228     0.00971228        149.026        1.49026
    1         2        1.09151      0.0109151        164.705        1.64705
    1         2         1.2056       0.012056        179.303        1.79303
    1         2        1.33037      0.0133037        194.785        1.94785
    1         2        1.45119      0.0145119        209.227        2.09227
    1         2        1.58152      0.0158152        224.568        2.24568
    1         2        1.71463      0.0171463         239.85         2.3985
    1         2         1.8399       0.018399        254.131        2.54131
    1         2        1.97457      0.0197457         269.32         2.6932
    1         2         2.1107       0.021107        284.472        2.84472
    1         2        2.24694      0.0224694        299.588        2.99588
    1         2        2.38361      0.0238361        314.673        3.14673
    1         3      0.0269819    0.000269819        12.0685       0.120685
    1         3       0.109216     0.00109216        26.8318       0.268318
    1         3       0.203191     0.00203191        42.3265       0.423265
    1         3       0.297204     0.00297204        57.0275       0.570275
    1         3       0.399741     0.00399741        72.3186       0.723186
    1         3       0.501525     0.00501525        87.2179       0.872179
    1         3       0.610853     0.00610853        102.863        1.02863
    1         3       0.712375     0.00712375         117.24         1.1724
    1         3       0.821264     0.00821264        132.458        1.32458
    1         3       0.931287     0.00931287        147.526        1.47526
    1         3        1.04191      0.0104191        162.475        1.62475
    1         3         1.1553       0.011553        177.332        1.77332
    1         3        1.27017      0.0127017        192.115        1.92115
    1         3        1.39643      0.0139643         207.82         2.0782
    1         3        1.51775      0.0151775        222.495        2.22495
    1         3        1.64081      0.0164081        237.135        2.37135
    1         3        1.77401      0.0177401        252.718        2.52718
    1         3        1.89878      0.0189878        267.304        2.67304
    1         3        2.03378      0.0203378        282.844        2.82844
    1         3        2.16095      0.0216095        297.396        2.97396
    1         3        2.29683      0.0229683        312.909        3.12909
    2         0      0.0297253    0.000297253        11.5231       0.115231
    2         0       0.100814     0.00100814         25.172        0.25172
    2         0       0.192659     0.00192659        39.6689       0.396689
    2         0       0.282857     0.00282857        53.4381       0.534381
    2         0       0.373964     0.00373964        66.9683       0.669683
    2         0       0.472683     0.00472683        81.3361       0.813361
    2         0       0.570497     0.00570497        95.4995       0.954995
    2         0       0.668177     0.00668177        109.465        1.09465
    2         0       0.766732     0.00766732        123.249        1.23249
    2         0       0.872842     0.00872842        137.833        1.37833
    2         0       0.971529     0.00971529        151.293        1.51293
    2         0        1.07889      0.0107889        165.572        1.65572
    2         0        1.18813      0.0118813        179.721        1.79721
    2         0        1.29995      0.0129995         193.76         1.9376
    2         0        1.41491      0.0141491        207.701        2.07701
    2         0        1.53152      0.0153152        221.558        2.21558
    2         0        1.65028      0.0165028        235.341        2.35341
    2         0        1.77864      0.0177864        249.974        2.49974
    2         0        1.89971      0.0189971        263.636        2.63636
    2         0        2.02122      0.0202122        277.248        2.77248
    2         0        2.15098      0.0215098        291.723        2.91723
    2         1      0.0228025    0.000228025        9.79091      0.0979091
    2         1      0.0928887    0.000928887        24.5594       0.245594
    2         1       0.171995     0.00171995        38.9093       0.389093
    2         1       0.251264     0.00251264        52.0415       0.520415
    2         1       0.342877     0.00342877        66.5308       0.665308
    2         1       0.434478     0.00434478        80.6354       0.806354
    2         1       0.526616     0.00526616        94.4956       0.944956
    2         1       0.619248     0.00619248        108.181        1.08181
    2         1       0.716929     0.00716929        122.634        1.22634
    2         1       0.814583     0.00814583        136.971        1.36971
    2         1       0.907663     0.00907663        150.331        1.50331
    2         1        1.00692      0.0100692        164.514        1.64514
    2         1         1.1072       0.011072        178.643        1.78643
    2         1        1.21072      0.0121072        192.732        1.92732
    2         1        1.31552      0.0131552        206.791        2.06791
    2         1        1.42246      0.0142246         220.83         2.2083
    2         1        1.53121      0.0153121        234.855        2.34855
    2         1        1.64202      0.0164202        248.872        2.48872
    2         1        1.75413      0.0175413        262.888        2.62888
    2         1        1.86681      0.0186681        276.907        2.76907
    2         1        1.97968      0.0197968        290.928        2.90928
    2         2      0.0308442    0.000308442        11.9142       0.119142
    2         2       0.091733     0.00091733        22.1231       0.221231
    2         2       0.163866     0.00163866        33.7352       0.337352
    2         2       0.234737     0.00234737         44.851        0.44851
    2         2       0.306909     0.00306909        55.5871       0.555871
    2         2       0.384009     0.00384009        66.8807       0.668807
    2         2       0.462034     0.00462034        77.8942       0.778942
    2         2       0.539779     0.00539779        88.6814       0.886814
    2         2       0.617632     0.00617632        99.2848       0.992848
    2         2       0.701389     0.00701389        110.535        1.10535
    2         2       0.784904     0.00784904        121.641        1.21641
    2         2       0.868817     0.00868817         132.63         1.3263
    2         2       0.953919     0.00953919        143.521        1.43521
    2         2         1.0386       0.010386        154.332        1.54332
    2         2        1.13062      0.0113062        165.841        1.65841
    2         2        1.21911      0.0121911        176.527        1.76527
    2         2        1.31566      0.0131566        187.927        1.87927
    2         2        1.40639      0.0140639        198.529        1.98529
    2         2        1.50562      0.0150562        209.857        2.09857
    2         2        1.59924      0.0159924        220.404        2.20404
    2         2        1.70143      0.0170143        231.684        2.31684
    2         2        1.80399      0.0180399        242.948        2.42948
    2         3      0.0247611    0.000247611        9.41866      0.0941866
    2         3      0.0940251    0.000940251        23.6868       0.236868
    2         3        0.17166      0.0017166        37.0329       0.370329
    2         3       0.262937     0.00262937        51.1559       0.511559
    2         3       0.360051     0.00360051        65.6927       0.656927
    2         3       0.456704     0.00456704        79.9299       0.799299
    2         3       0.553491     0.00553491        93.9369       0.939369
    2         3       0.651569     0.00651569        107.746        1.07746
    2         3       0.748594     0.00748594        121.382        1.21382
    2         3       0.852053     0.00852053        135.704        1.35704
    2         3       0.955844     0.00955844        149.875        1.49875
    2         3        1.06073      0.0106073        163.919        1.63919
    2         3        1.16798      0.0116798        177.851        1.77851
    2         3         1.2773       0.012773        191.687        1.91687
    2         3        1.38918      0.0138918        205.441        2.05441
    2         3        1.51033      0.0151033        219.926        2.19926
    2         3        1.62676      0.0162676        233.546        2.33546
    2         3        1.75158      0.0175158         247.91         2.4791
    2         3        1.87011      0.0187011         261.43         2.6143
    2         3        1.99558      0.0199558        275.704        2.75704
    3         0      0.0323886    0.000323886        12.8959       0.128959
    3         0      0.0857723    0.000857723        23.5945       0.235945
    3         0        0.15012      0.0015012        34.4523       0.344523
    3         0       0.220215     0.00220215        45.2438       0.452438
    3         0          0.296        0.00296        56.4146       0.564146
    3         0       0.371945     0.00371945        67.3023       0.673023
    3         0        0.45434      0.0045434        78.8188       0.788188
    3         0       0.530073     0.00530073        89.3613       0.893613
    3         0       0.612394     0.00612394        100.578        1.00578
    3         0       0.694308     0.00694308         111.67         1.1167
    3         0       0.776146     0.00776146        122.653        1.22653
    3         0       0.859039     0.00859039         133.54         1.3354
    3         0       0.941099     0.00941099        144.341        1.44341
    3         0        1.03017      0.0103017        155.832        1.55832
    3         0        1.11529      0.0111529        166.489        1.66489
    3         0        1.20705      0.0120705        177.843        1.77843
    3         0        1.29391      0.0129391        188.389        1.88389
    3         0        1.39002      0.0139002        199.639        1.99639
    3         0         1.4869       0.014869        210.846        2.10846
    3         0        1.57853      0.0157853        221.271        2.21271
    3         0        1.67806      0.0167806        232.408        2.32408
    3         1      0.0336156    0.000336156        13.3825       0.133825
    3         1      0.0894937    0.000894937        23.2179       0.232179
    3         1       0.146848     0.00146848        33.2794       0.332794
    3         1         0.2106       0.002106        43.5871       0.435871
    3         1       0.273551     0.00273551        53.4128       0.534128
    3         1       0.341913     0.00341913        63.5698       0.635698
    3         1        0.41019      0.0041019         73.378        0.73378
    3         1       0.483809     0.00483809        83.5814       0.835814
    3         1       0.556306     0.00556306        93.5348       0.935348
    3         1       0.635487     0.00635487        103.936        1.03936
    3         1       0.708258     0.00708258        113.527        1.13527
    3         1       0.786242     0.00786242        123.625        1.23625
    3         1       0.865486     0.00865486        133.616        1.33616
    3         1       0.943703     0.00943703        143.523        1.43523
    3         1        1.02789      0.0102789         153.98         1.5398
    3         1        1.10854      0.0110854        163.775        1.63775
    3         1         1.1906       0.011906        173.535        1.73535
    3         1        1.27864      0.0127864        183.879        1.83879
    3         1        1.36316      0.0136316          193.6          1.936
    3         1        1.45461      0.0145461         203.92         2.0392
    3         2      0.0286013    0.000286013         13.791        0.13791
    3         2      0.0684187    0.000684187         23.783        0.23783
    3         2       0.112394     0.00112394        33.9125       0.339125
    3         2        0.15443      0.0015443        43.4776       0.434776
    3         2       0.201402     0.00201402        53.3717       0.533717
    3         2       0.251979     0.00251979        63.6187       0.636187
    3         2       0.301475     0.00301475        73.5456       0.735456
    3         2       0.355964     0.00355964        83.9108       0.839108
    3         2       0.406435     0.00406435        93.3908       0.933908
    3         2       0.460076     0.00460076        103.387        1.03387
    3         2       0.517653     0.00517653        113.909        1.13909
    3         2        0.57143      0.0057143        123.673        1.23673
    3         2       0.626197     0.00626197        133.362        1.33362
    3         2       0.683093     0.00683093        143.637        1.43637
    3         2       0.741181     0.00741181        153.867        1.53867
    3         2       0.794363     0.00794363        163.429        1.63429
    3         2        0.85291      0.0085291         173.61         1.7361
    3         2       0.910629     0.00910629        183.781        1.83781
    3         2       0.969012     0.00969012        193.952        1.93952
    3         2        1.02337      0.0102337        203.489        2.03489
    3         2        1.08289      0.0108289        213.672        2.13672
    3         2        1.14285      0.0114285         223.87         2.2387
    3         3      0.0289593    0.000289593        11.8829       0.118829
    3         3      0.0828694    0.000828694        22.5012       0.225012
    3         3       0.147887     0.00147887        33.5067       0.335067
    3         3       0.218502     0.00218502        44.5552       0.445552
    3         3       0.294679     0.00294679        55.9213       0.559213
    3         3       0.371404     0.00371404        66.8643       0.668643
    3         3       0.448292     0.00448292        77.4886       0.774886
    3         3       0.530685     0.00530685        88.6483       0.886483
    3         3       0.613467     0.00613467        99.5735       0.995735
    3         3       0.696048     0.00696048        110.308        1.10308
    3         3        0.78436      0.0078436        121.638        1.21638
    3         3       0.873951     0.00873951        132.825        1.32825
    3         3       0.962879     0.00962879        143.895        1.43895
    3         3        1.05268      0.0105268        154.872        1.54872
    3         3        1.14478      0.0114478        165.773        1.65773
    3         3        1.23808      0.0123808        176.615        1.76615
    3         3        1.33309      0.0133309        187.409        1.87409
    3         3         1.4363       0.014363        198.882        1.98882
    3         3         1.5346       0.015346        209.609        2.09609
    3         3         1.6342       0.016342        220.317        2.20317
    3         3         1.7417       0.017417        231.721        2.31721
    4         0      0.0190848    0.000190848        8.87521      0.0887521
    4         0      0.0629518    0.000629518         19.104        0.19104
    4         0       0.122753     0.00122753        30.8112       0.308112
    4         0       0.187725     0.00187725        41.9483       0.419483
    4         0       0.252793     0.00252793        52.4374       0.524374
    4         0       0.326766     0.00326766        63.9799       0.639799
    4         0       0.396239     0.00396239        74.4994       0.744994
    4         0       0.470742     0.00470742        85.4687       0.854687
    4         0       0.549713     0.00549713        96.8882       0.968882
    4         0       0.623311     0.00623311         107.45         1.0745
    4         0       0.702483     0.00702483        118.503        1.18503
    4         0       0.781679     0.00781679        129.408        1.29408
    4         0       0.864258     0.00864258        140.816        1.40816
    4         0       0.943888     0.00943888        151.481        1.51481
    4         0        1.02755      0.0102755        162.672        1.62672
    4         0        1.11301      0.0111301        173.776        1.73776
    4         0        1.20025      0.0120025        184.806        1.84806
    4         0        1.28772      0.0128772        195.772        1.95772
    4         0        1.37822      0.0137822        206.685        2.06685
    4         0        1.46895      0.0146895        217.554        2.17554
    4         0        1.56681      0.0156681        228.985        2.28985
    4         1      0.0198815    0.000198815        8.84659      0.0884659
    4         1      0.0698464    0.000698464        20.5855       0.205855
    4         1       0.123906     0.00123906        31.1709       0.311709
    4         1       0.188655     0.00188655        42.2363       0.422363
    4         1       0.257605     0.00257605         53.254        0.53254
    4         1       0.333379     0.00333379        64.5709       0.645709
    4         1       0.408937     0.00408937         75.585        0.75585
    4         1       0.484527     0.00484527        86.4178       0.864178
    4         1       0.564386     0.00564386        97.8874       0.978874
    4         1       0.639897     0.00639897        108.497        1.08497
    4         1       0.720901     0.00720901        119.783        1.19783
    4         1       0.800814     0.00800814        130.999        1.30999
    4         1       0.876431     0.00876431        141.414        1.41414
    4         1       0.957682     0.00957682        152.524        1.52524
    4         1        1.03936      0.0103936        163.591        1.63591
    4         1        1.12129      0.0112129         174.62         1.7462
    4         1        1.20559      0.0120559        185.617        1.85617
    4         1        1.29031      0.0129031        196.586        1.96586
    4         1         1.3775       0.013775        207.531        2.07531
    4         1        1.46622      0.0146622        218.457        2.18457
    4         1        1.55435      0.0155435        229.364        2.29364
    4         2       0.021394     0.00021394        8.22682      0.0822682
    4         2      0.0751993    0.000751993          19.14         0.1914
    4         2       0.139836     0.00139836        30.5407       0.305407
    4         2       0.209582     0.00209582         41.709        0.41709
    4         2       0.281194     0.00281194        52.1167       0.521167
    4         2       0.365019     0.00365019        63.8525       0.638525
    4         2       0.442237     0.00442237        74.3393       0.743393
    4         2       0.525773     0.00525773        85.4418       0.854418
    4         2       0.609804     0.00609804        96.3441       0.963441
    4         2       0.699234     0.00699234        107.912        1.07912
    4         2       0.783766     0.00783766        118.524        1.18524
    4         2       0.873366     0.00873366         129.84         1.2984
    4         2       0.957851     0.00957851        140.258        1.40258
    4         2        1.04951      0.0104951        151.399        1.51399
    4         2        1.14142      0.0114142        162.469        1.62469
    4         2        1.23643      0.0123643        173.481        1.73481
    4         2        1.33266      0.0133266        184.443        1.84443
    4         2        1.43028      0.0143028        195.362        1.95362
    4         2        1.53066      0.0153066        206.246        2.06246
    4         2        1.63827      0.0163827        217.872        2.17872
    4         2        1.74061      0.0174061        228.699        2.28699
    4         2        1.84264      0.0184264        239.503        2.39503
    4         3      0.0206936    0.000206936        8.34767      0.0834767
    4         3      0.0690813    0.000690813        18.8957       0.188957
    4         3        0.12018      0.0012018        28.6479       0.286479
    4         3       0.177045     0.00177045        38.2627       0.382627
    4         3       0.242566     0.00242566        48.8457       0.488457
    4         3       0.309368     0.00309368        58.9374       0.589374
    4         3       0.375456     0.00375456        68.7067       0.687067
    4         3       0.447128     0.00447128        78.9647       0.789647
    4         3       0.514076     0.00514076        88.2984       0.882984
    4         3           0.59         0.0059         98.881        0.98881
    4         3       0.661992     0.00661992        108.607        1.08607
    4         3       0.737815     0.00737815         118.89         1.1889
    4         3        0.80984      0.0080984        128.377        1.28377
    4         3       0.886953     0.00886953         138.44         1.3844
    4         3       0.963302     0.00963302        148.412        1.48412
    4         3        1.04643      0.0104643         158.96         1.5896
    4         3        1.12463      0.0112463        168.778        1.68778
    4         3        1.20503      0.0120503        178.536        1.78536
    4         3        1.29082      0.0129082        188.887        1.88887
    4         3        1.37411      0.0137411        198.544        1.98544
    4         3        1.46326      0.0146326          208.8          2.088
    5         0      0.0250537    0.000250537        11.7474       0.117474
    5         0      0.0812893    0.000812893        22.9771       0.229771
    5         0       0.145729     0.00145729        33.9447       0.339447
    5         0       0.214227     0.00214227        44.5621       0.445621
    5         0       0.288423     0.00288423        55.3292       0.553292
    5         0       0.367399     0.00367399        66.4756       0.664756
    5         0       0.446388     0.00446388        77.4236       0.774236
    5         0       0.530789     0.00530789        88.9109       0.889109
    5         0       0.608951     0.00608951         99.618        0.99618
    5         0       0.693381     0.00693381        110.903        1.10903
    5         0       0.772086     0.00772086         121.45         1.2145
    5         0       0.856095     0.00856095        132.587        1.32587
    5         0       0.940663     0.00940663        143.661        1.43661
    5         0        1.02493      0.0102493        154.681        1.54681
    5         0        1.11133      0.0111133        165.652        1.65652
    5         0        1.19772      0.0119772         176.58         1.7658
    5         0        1.28701      0.0128701        187.469        1.87469
    5         0        1.38269      0.0138269        198.964        1.98964
    5         0        1.47405      0.0147405         209.79         2.0979
    5         0         1.5677       0.015677        220.592        2.20592
    5         1      0.0165039    0.000165039          7.774        0.07774
    5         1      0.0795132    0.000795132        19.9111       0.199111
    5         1       0.145948     0.00145948        30.3988       0.303988
    5         1        0.22599      0.0022599        41.2688       0.412688
    5         1       0.312908     0.00312908        52.1847       0.521847
    5         1       0.406844     0.00406844        63.5227       0.635227
    5         1       0.500384     0.00500384        74.6495       0.746495
    5         1       0.594502     0.00594502        85.6481       0.856481
    5         1       0.687713     0.00687713        96.5517       0.965517
    5         1       0.781967     0.00781967        107.377        1.07377
    5         1       0.881901     0.00881901        118.899        1.18899
    5         1       0.976656     0.00976656         129.59         1.2959
    5         1        1.07806      0.0107806        140.986        1.40986
    5         1        1.17558      0.0117558        151.573        1.51573
    5         1        1.28119      0.0128119         162.87         1.6287
    5         1        1.38259      0.0138259        173.376        1.73376
    5         1        1.49252      0.0149252        184.598        1.84598
    5         1        1.60393      0.0160393        195.787        1.95787
    5         1        1.71732      0.0171732        206.951        2.06951
    5         1        1.82294      0.0182294        217.349        2.17349
    5         1        1.93681      0.0193681        228.472        2.28472
    5         2      0.0272451    0.000272451        11.4399       0.114399
    5         2       0.090426     0.00090426        20.5875       0.205875
    5         2       0.151708     0.00151708        29.3074       0.293074
    5         2       0.217726     0.00217726        38.4933       0.384933
    5         2       0.285205     0.00285205        47.3092       0.473092
    5         2       0.357528     0.00357528        56.5635       0.565635
    5         2       0.431073     0.00431073        65.4972       0.654972
    5         2       0.510491     0.00510491        74.8768       0.748768
    5         2       0.583039     0.00583039        83.3099       0.833099
    5         2       0.668258     0.00668258        92.9301       0.929301
    5         2       0.747061     0.00747061        101.696        1.01696
    5         2       0.832484     0.00832484        110.995        1.10995
    5         2       0.911236     0.00911236        119.529        1.19529
    5         2        0.99764      0.0099764        128.634        1.28634
    5         2        1.08372      0.0108372        137.672        1.37672
    5         2        1.17233      0.0117233         146.66         1.4666
    5         2        1.26133      0.0126133         155.61         1.5561
    5         2         1.3526       0.013526        164.534        1.64534
    5         2        1.44579      0.0144579        173.439        1.73439
    5         2        1.54599      0.0154599        182.968        1.82968
    5         2        1.64158      0.0164158        191.854        1.91854
    5         2        1.73794      0.0173794        200.741        2.00741
    5         3      0.0223306    0.000223306         9.6908       0.096908
    5         3      0.0979025    0.000979025        19.8499       0.198499
    5         3       0.179735     0.00179735        28.7521       0.287521
    5         3       0.269603     0.00269603        37.5663       0.375663
    5         3       0.367957     0.00367957        46.6561       0.466561
    5         3       0.466665     0.00466665        55.4112       0.554112
    5         3       0.572504     0.00572504        64.6141       0.646141
    5         3       0.679052     0.00679052        73.5769       0.735769
    5         3        0.78564      0.0078564        82.3356       0.823356
    5         3       0.899745     0.00899745        91.5725       0.915725
    5         3        1.01541      0.0101541        100.635        1.00635
    5         3        1.13191      0.0113191        109.548        1.09548
    5         3        1.26035      0.0126035        118.954        1.18954
    5         3        1.38352      0.0138352        127.618        1.27618
    5         3        1.51736      0.0151736        136.796        1.36796
    5         3         1.6541       0.016541        145.881        1.45881
    5         3        1.79288      0.0179288        154.885        1.54885
    5         3        1.93189      0.0193189        163.821        1.63821
    5         3        2.07152      0.0207152        172.699        1.72699
    5         3        2.21148      0.0221148        181.526        1.81526
    5         3        2.36123      0.0236123        190.896        1.90896
    6         0      0.0169618    0.000169618        10.7101       0.107101
    6         0      0.0672808    0.000672808        22.7682       0.227682
    6         0       0.122082     0.00122082        33.3839       0.333839
    6         0       0.184941     0.00184941        44.4962       0.444962
    6         0       0.253176     0.00253176        55.6146       0.556146
    6         0       0.326893     0.00326893        66.9577       0.669577
    6         0       0.399445     0.00399445        77.9005       0.779005
    6         0       0.473073     0.00473073        88.5451       0.885451
    6         0       0.551405     0.00551405        99.6418       0.996418
    6         0       0.628869     0.00628869        110.525        1.10525
    6         0       0.712375     0.00712375        121.898        1.21898
    6         0       0.789867     0.00789867        132.456        1.32456
    6         0       0.873142     0.00873142        143.548        1.43548
    6         0       0.956508     0.00956508         154.53         1.5453
    6         0        1.04039      0.0104039        165.425        1.65425
    6         0         1.1307       0.011307        176.882        1.76882
    6         0         1.2167       0.012167        187.642        1.87642
    6         0         1.3098       0.013098        198.982        1.98982
    6         0        1.39998      0.0139998        209.654        2.09654
    6         0        1.49573      0.0149573        220.922        2.20922
    6         0        1.58845      0.0158845         231.54         2.3154
    6         1      0.0245442    0.000245442        11.2694       0.112694
    6         1      0.0792403    0.000792403        22.4845       0.224845
    6         1       0.145537     0.00145537         33.712        0.33712
    6         1       0.216383     0.00216383        44.9192       0.449192
    6         1       0.288297     0.00288297         55.661        0.55661
    6         1        0.36486      0.0036486         66.989        0.66989
    6         1       0.436712     0.00436712        77.2343       0.772343
    6         1       0.519924     0.00519924        88.9784       0.889784
    6         1       0.597073     0.00597073        99.7121       0.997121
    6         1       0.674922     0.00674922        110.305        1.10305
    6         1       0.757379     0.00757379        121.577        1.21577
    6         1       0.841111     0.00841111        132.727        1.32727
    6         1        0.92431      0.0092431        143.775        1.43775
    6         1        1.00874      0.0100874        154.735        1.54735
    6         1        1.09384      0.0109384        165.621        1.65621
    6         1        1.17989      0.0117989        176.443        1.76443
    6         1        1.27348      0.0127348        187.979        1.87979
    6         1        1.36382      0.0136382        198.701        1.98701
    6         1        1.45417      0.0145417        209.386        2.09386
    6         1        1.55306      0.0155306        220.799        2.20799
    6         1        1.64668      0.0164668        231.426        2.31426
    6         2      0.0248703    0.000248703        11.8909       0.118909
    6         2      0.0634583    0.000634583        20.1492       0.201492
    6         2       0.111254     0.00111254          29.69         0.2969
    6         2       0.158123     0.00158123        38.3452       0.383452
    6         2       0.214193     0.00214193         47.879        0.47879
    6         2       0.269994     0.00269994        56.7569       0.567569
    6         2       0.331387     0.00331387        65.8544       0.658544
    6         2       0.392788     0.00392788        74.5642       0.745642
    6         2       0.457715     0.00457715        83.6308       0.836308
    6         2       0.523944     0.00523944        92.4607       0.924607
    6         2       0.594628     0.00594628        101.732        1.01732
    6         2       0.664683     0.00664683        110.862        1.10862
    6         2       0.735008     0.00735008        119.894        1.19894
    6         2       0.805909     0.00805909         128.86         1.2886
    6         2       0.875515     0.00875515        137.783        1.37783
    6         2       0.946734     0.00946734        146.683        1.46683
    6         2        1.01813      0.0101813        155.577        1.55577
    6         2        1.09016      0.0109016        164.474        1.64474
    6         2        1.16724      0.0116724        173.982        1.73982
    6         2        1.24162      0.0124162        182.918        1.82918
    6         3      0.0231478    0.000231478        11.8866       0.118866
    6         3      0.0575549    0.000575549        20.3134       0.203134
    6         3       0.102122     0.00102122        29.2399       0.292399
    6         3       0.155425     0.00155425        38.7043       0.387043
    6         3       0.208441     0.00208441        47.3965       0.473965
    6         3       0.265505     0.00265505         56.437        0.56437
    6         3       0.328705     0.00328705        65.9419       0.659419
    6         3       0.386897     0.00386897        74.5473       0.745473
    6         3       0.448868     0.00448868         83.739        0.83739
    6         3       0.511924     0.00511924         92.823        0.92823
    6         3       0.574884     0.00574884        101.817        1.01817
    6         3       0.636802     0.00636802        110.733        1.10733
    6         3       0.699721     0.00699721         119.58         1.1958
    6         3       0.762826     0.00762826        128.365        1.28365
    6         3       0.829475     0.00829475        137.764        1.37764
    6         3         0.8926       0.008926        146.441        1.46441
    6         3       0.960964     0.00960964        155.735        1.55735
    6         3        1.02877      0.0102877        164.983        1.64983
    6         3        1.09257      0.0109257        173.534        1.73534
    6         3        1.16275      0.0116275        182.709        1.82709
    6         3        1.23277      0.0123277         191.85         1.9185
    6         3        1.30488      0.0130488        200.962        2.00962
    7         0      0.0191649    0.000191649        9.75978      0.0975978
    7         0      0.0648149    0.000648149        19.3405       0.193405
    7         0       0.113108     0.00113108        28.3117       0.283117
    7         0       0.167077     0.00167077        37.4684       0.374684
    7         0       0.224995     0.00224995        46.9489       0.469489
    7         0       0.278448     0.00278448        55.3075       0.553075
    7         0       0.342343     0.00342343        64.8747       0.648747
    7         0       0.401147     0.00401147        73.4678       0.734678
    7         0       0.463901     0.00463901        82.5688       0.825688
    7         0       0.527862     0.00527862        91.4912       0.914912
    7         0       0.596175     0.00596175        100.935        1.00935
    7         0       0.659005     0.00659005        109.575        1.09575
    7         0       0.727746     0.00727746        118.764        1.18764
    7         0       0.796278     0.00796278         127.85         1.2785
    7         0       0.863976     0.00863976         136.85         1.3685
    7         0       0.933099     0.00933099        145.776        1.45776
    7         0        1.00206      0.0100206        154.638        1.54638
    7         0        1.07117      0.0107117        163.447        1.63447
    7         0        1.14689      0.0114689        172.833        1.72833
    7         0        1.21795      0.0121795        181.553        1.81553
    7         0        1.29605      0.0129605        190.858        1.90858
    7         1      0.0215286    0.000215286        9.11333      0.0911333
    7         1      0.0613793    0.000613793         18.081        0.18081
    7         1       0.110605     0.00110605        27.3987       0.273987
    7         1       0.163567     0.00163567        36.3586       0.363586
    7         1       0.220732     0.00220732        45.2883       0.452883
    7         1       0.282909     0.00282909        54.3943       0.543943
    7         1       0.350523     0.00350523        63.8026       0.638026
    7         1       0.417643     0.00417643        72.9433       0.729433
    7         1       0.484816     0.00484816        81.8971       0.818971
    7         1       0.552418     0.00552418        90.7102       0.907102
    7         1       0.619301     0.00619301        99.4133       0.994133
    7         1       0.691392     0.00691392        108.639        1.08639
    7         1       0.763875     0.00763875        117.779        1.17779
    7         1       0.835476     0.00835476        126.849        1.26849
    7         1       0.907635     0.00907635        135.859        1.35859
    7         1        0.98063      0.0098063        144.819        1.44819
    7         1        1.05365      0.0105365        153.736        1.53736
    7         1         1.1272       0.011272        162.615        1.62615
    7         1        1.20244      0.0120244        171.463        1.71463
    7         1        1.28327      0.0128327        180.873        1.80873
    7         1        1.36124      0.0136124        189.672        1.89672
    7         2      0.0238729    0.000238729        9.56981      0.0956981
    7         2      0.0553673    0.000553673        16.8476       0.168476
    7         2      0.0892118    0.000892118        23.8776       0.238776
    7         2       0.127313     0.00127313        30.9082       0.309082
    7         2       0.165243     0.00165243        37.4395       0.374395
    7         2       0.211137     0.00211137        44.8444       0.448444
    7         2       0.256789     0.00256789        51.9158       0.519158
    7         2       0.301878     0.00301878        58.7379       0.587379
    7         2       0.351716     0.00351716        65.9075       0.659075
    7         2       0.401461     0.00401461        72.8908       0.728908
    7         2       0.451228     0.00451228        79.7197       0.797197
    7         2        0.50447      0.0050447         86.928        0.86928
    7         2       0.553651     0.00553651         93.506        0.93506
    7         2       0.611038     0.00611038        100.977        1.00977
    7         2       0.664747     0.00664747        107.852        1.07852
    7         2       0.717629     0.00717629        114.644        1.14644
    7         2       0.774755     0.00774755        121.841        1.21841
    7         2       0.832126     0.00832126        128.966        1.28966
    7         2       0.885802     0.00885802        135.559        1.35559
    7         2       0.942581     0.00942581        142.571        1.42571
    7         2        1.00449      0.0100449        149.997        1.49997
    7         2        1.06289      0.0106289        156.915        1.56915
    7         3      0.0198024    0.000198024        10.3799       0.103799
    7         3      0.0686613    0.000686613        19.7355       0.197355
    7         3       0.122343     0.00122343        28.4432       0.284432
    7         3       0.182108     0.00182108        37.9323       0.379323
    7         3       0.238482     0.00238482        46.4864       0.464864
    7         3       0.299043     0.00299043        55.4278       0.554278
    7         3       0.363589     0.00363589        64.7712       0.647712
    7         3       0.427679     0.00427679        73.9545       0.739545
    7         3       0.488696     0.00488696        82.4438       0.824438
    7         3       0.556354     0.00556354         91.946        0.91946
    7         3       0.621235     0.00621235         100.79         1.0079
    7         3       0.686098     0.00686098        109.552        1.09552
    7         3       0.753962     0.00753962        118.781        1.18781
    7         3       0.822851     0.00822851        127.939        1.27939
    7         3       0.887815     0.00887815        136.499        1.36499
    7         3       0.956049     0.00956049        145.539        1.45539
    7         3        1.02612      0.0102612        154.529        1.54529
    7         3        1.09923      0.0109923        163.997        1.63997
    7         3        1.17058      0.0117058        172.898        1.72898
    7         3        1.24284      0.0124284        181.761        1.81761
    7         3        1.31553      0.0131553        190.592        1.90592
    8         0      0.0314237    0.000314237        9.51448      0.0951448
    8         0      0.0610519    0.000610519        17.3072       0.173072
    8         0      0.0972641    0.000972641        25.4593       0.254593
    8         0       0.136768     0.00136768        33.4287       0.334287
    8         0       0.179565     0.00179565        41.4121       0.414121
    8         0       0.226625     0.00226625         49.514        0.49514
    8         0       0.278255     0.00278255        57.7935       0.577935
    8         0       0.329765     0.00329765         65.765        0.65765
    8         0       0.380843     0.00380843        73.4983       0.734983
    8         0       0.435441     0.00435441        81.5373       0.815373
    8         0        0.49398      0.0049398        89.8874       0.898874
    8         0       0.548991     0.00548991        97.5989       0.975989
    8         0       0.607469     0.00607469        105.663        1.05663
    8         0       0.666058     0.00666058        113.616        1.13616
    8         0       0.727398     0.00727398        121.936        1.21936
    8         0        0.78557      0.0078557        129.715        1.29715
    8         0       0.847595     0.00847595        137.882        1.37882
    8         0       0.909958     0.00909958        145.989        1.45989
    8         0       0.969134     0.00969134          153.6          1.536
    8         0        1.03231      0.0103231        161.619        1.61619
    8         1      0.0259769    0.000259769        10.7433       0.107433
    8         1      0.0608523    0.000608523         17.948        0.17948
    8         1      0.0957278    0.000957278        24.6584       0.246584
    8         1       0.134091     0.00134091         31.592        0.31592
    8         1       0.175941     0.00175941        38.7159       0.387159
    8         1       0.217791     0.00217791        45.4604       0.454604
    8         1       0.266618     0.00266618        52.9367       0.529367
    8         1       0.311954     0.00311954        59.5707       0.595707
    8         1       0.364281     0.00364281        66.9292       0.669292
    8         1       0.413266     0.00413266         73.567        0.73567
    8         1       0.468506     0.00468506        80.9377       0.809377
    8         1       0.520443     0.00520443        87.6818       0.876818
    8         1       0.576492     0.00576492        94.7373       0.947373
    8         1       0.632278     0.00632278         101.68         1.0168
    8         1        0.69166      0.0069166        108.962        1.08962
    8         1        0.74753      0.0074753        115.747        1.15747
    8         1       0.806601     0.00806601          122.9          1.229
    8         1       0.862032     0.00862032        129.593        1.29593
    8         1       0.921907     0.00921907        136.675        1.36675
    8         1          0.982        0.00982        143.736        1.43736
    8         1        1.04247      0.0104247        150.783        1.50783
    8         1        1.10311      0.0110311        157.823        1.57823
    8         1        1.16447      0.0116447        164.861        1.64861
    8         2      0.0282881    0.000282881         9.9836       0.099836
    8         2      0.0599942    0.000599942        18.0238       0.180238
    8         2       0.105289     0.00105289        27.3345       0.273345
    8         2       0.155156     0.00155156        36.3357       0.363357
    8         2       0.210235     0.00210235        45.4809       0.454809
    8         2       0.271453     0.00271453        54.9462       0.549462
    8         2       0.326373     0.00326373        63.4046       0.634046
    8         2       0.386448     0.00386448        72.3333       0.723333
    8         2        0.45161      0.0045161        81.7214       0.817214
    8         2       0.516356     0.00516356        90.9081       0.909081
    8         2       0.581184     0.00581184        99.9207       0.999207
    8         2       0.646334     0.00646334        108.781        1.08781
    8         2       0.711698     0.00711698        117.507        1.17507
    8         2       0.780761     0.00780761        126.726        1.26726
    8         2       0.850643     0.00850643        135.827        1.35827
    8         2       0.921013     0.00921013        144.823        1.44823
    8         2       0.991688     0.00991688        153.728        1.53728
    8         2        1.06236      0.0106236        162.552        1.62552
    8         2        1.13967      0.0113967        171.886        1.71886
    8         2        1.21247      0.0121247        180.572        1.80572
    8         2        1.29197      0.0129197        189.776        1.89776
    8         3      0.0308523    0.000308523        11.7505       0.117505
    8         3      0.0576115    0.000576115        17.4645       0.174645
    8         3      0.0903171    0.000903171        23.6706       0.236706
    8         3       0.123023     0.00123023        29.5181       0.295181
    8         3       0.158654     0.00158654        35.6553       0.356553
    8         3       0.195011     0.00195011        41.6138       0.416138
    8         3        0.23403      0.0023403        47.9137       0.479137
    8         3       0.270097     0.00270097        53.6121       0.536121
    8         3       0.309813     0.00309813        59.6789       0.596789
    8         3       0.349381     0.00349381        65.6503       0.656503
    8         3       0.392092     0.00392092        71.9881       0.719881
    8         3       0.430849     0.00430849        77.7972       0.777972
    8         3       0.473134     0.00473134        83.9804       0.839804
    8         3       0.512884     0.00512884        89.6613       0.896613
    8         3       0.555693     0.00555693        95.7206       0.957206
    8         3       0.598069     0.00598069        101.724        1.01724
    8         3       0.639701     0.00639701        107.678        1.07678
    8         3       0.682372     0.00682372        113.586        1.13586
    8         3       0.728168     0.00728168        119.871        1.19871
    8         3       0.769964     0.00769964        125.696        1.25696
    8         3       0.815228     0.00815228        131.899        1.31899
    8         3       0.858004     0.00858004        137.655        1.37655
    8         3       0.903966     0.00903966        143.789        1.43789
    9         0     0.00747264    7.47264e-05        8.15467      0.0815467
    9         0      0.0416672    0.000416672        15.9671       0.159671
    9         0      0.0758617    0.000758617        22.3534       0.223534
    9         0       0.117655     0.00117655         29.554        0.29554
    9         0       0.159513     0.00159513        36.3993       0.363993
    9         0       0.200228     0.00200228        43.6031       0.436031
    9         0       0.242279     0.00242279        50.6039       0.506039
    9         0       0.284314     0.00284314        57.4443       0.574443
    9         0       0.329499     0.00329499        64.7059       0.647059
    9         0       0.375113     0.00375113        71.8369       0.718369
    9         0       0.419988     0.00419988        78.8559       0.788559
    9         0       0.464991     0.00464991        85.7765       0.857765
    9         0       0.510673     0.00510673        92.6109       0.926109
    9         0       0.559633     0.00559633        99.8848       0.998848
    9         0       0.605123     0.00605123        106.567        1.06567
    9         0       0.654199     0.00654199        113.695        1.13695
    9         0        0.70288      0.0070288        120.757        1.20757
    9         0       0.751248     0.00751248         127.76         1.2776
    9         0        0.80056      0.0080056         134.71         1.3471
    9         0       0.849582     0.00849582         141.61         1.4161
    9         0       0.902555     0.00902555        148.954        1.48954
    9         0       0.952172     0.00952172        155.766        1.55766
    9         0        1.00158      0.0100158        162.539        1.62539
    9         1      0.0242578    0.000242578         10.036        0.10036
    9         1      0.0624081    0.000624081        18.9162       0.189162
    9         1       0.104027     0.00104027        26.9851       0.269851
    9         1       0.145645     0.00145645        34.5266       0.345266
    9         1       0.194816     0.00194816        42.9744       0.429744
    9         1        0.24018      0.0024018        50.5972       0.505972
    9         1       0.289842     0.00289842        58.6322       0.586322
    9         1        0.33837      0.0033837        66.5252       0.665252
    9         1       0.391172     0.00391172        74.8531       0.748531
    9         1       0.440614     0.00440614        82.5243       0.825243
    9         1       0.493679     0.00493679        90.6503       0.906503
    9         1       0.546779     0.00546779        98.6917       0.986917
    9         1       0.599751     0.00599751        106.658        1.06658
    9         1       0.651933     0.00651933        114.558        1.14558
    9         1       0.708685     0.00708685        122.918        1.22918
    9         1       0.761725     0.00761725          130.7          1.307
    9         1        0.81827      0.0081827        138.946        1.38946
    9         1       0.871664     0.00871664         146.63         1.4663
    9         1       0.927975     0.00927975        154.779        1.54779
    9         1       0.985154     0.00985154        162.886        1.62886
    9         1        1.04291      0.0104291        170.952        1.70952
    9         1         1.1012       0.011012        178.981        1.78981
    9         2      0.0224403    0.000224403        11.8226       0.118226
    9         2       0.061973     0.00061973        19.8066       0.198066
    9         2       0.108694     0.00108694        27.8403       0.278403
    9         2       0.159047     0.00159047        35.9372       0.359372
    9         2       0.206726     0.00206726        43.7351       0.437351
    9         2       0.259242     0.00259242        51.8764       0.518764
    9         2       0.311289     0.00311289        59.8578       0.598578
    9         2       0.363537     0.00363537        67.7157       0.677157
    9         2       0.419273     0.00419273        75.9872       0.759872
    9         2       0.470902     0.00470902        83.6556       0.836556
    9         2       0.526297     0.00526297        91.7577       0.917577
    9         2       0.582167     0.00582167        99.7901       0.997901
    9         2       0.637867     0.00637867        107.761        1.07761
    9         2       0.693781     0.00693781        115.679        1.15679
    9         2       0.749362     0.00749362        123.549        1.23549
    9         2       0.807896     0.00807896        131.864        1.31864
    9         2       0.864069     0.00864069         139.65         1.3965
    9         2       0.923781     0.00923781        147.885        1.47885
    9         2       0.980135     0.00980135        155.602        1.55602
    9         2        1.04046      0.0104046        163.771        1.63771
    9         2        1.10043      0.0110043        171.909        1.71909
    9         2        1.15875      0.0115875        179.543        1.79543
    9         3      0.0291655    0.000291655        9.87122      0.0987122
    9         3      0.0612901    0.000612901        16.9439       0.169439
    9         3      0.0992555    0.000992555        23.9382       0.239382
    9         3       0.140141     0.00140141        30.8541       0.308541
    9         3       0.184895     0.00184895        37.8815       0.378815
    9         3       0.227859     0.00227859        44.6497       0.446497
    9         3       0.274916     0.00274916        51.6609       0.516609
    9         3       0.324186     0.00324186        58.9281       0.589281
    9         3       0.371467     0.00371467        65.6293       0.656293
    9         3       0.421709     0.00421709        72.6268       0.726268
    9         3       0.473901     0.00473901        79.9192       0.799192
    9         3       0.523605     0.00523605        86.7122       0.867122
    9         3       0.576805     0.00576805        93.8174       0.938174
    9         3       0.630029     0.00630029        100.844        1.00844
    9         3       0.682102     0.00682102        107.801        1.07801
    9         3       0.735028     0.00735028        114.697        1.14697
    9         3       0.791125     0.00791125        121.915        1.21915
    9         3       0.844004     0.00844004        128.703        1.28703
    9         3       0.899321     0.00899321         135.82         1.3582
    9         3       0.955975     0.00955975        142.892        1.42892
    9         3        1.01297      0.0101297        149.923        1.49923
   10         0      0.0244225    0.000244225        7.19277      0.0719277
   10         0       0.050175     0.00050175        13.9696       0.139696
   10         0      0.0759274    0.000759274        19.5786       0.195786
   10         0       0.108118     0.00108118        25.8007       0.258007
   10         0       0.140309     0.00140309        31.5611       0.315611
   10         0       0.176649     0.00176649        37.5943       0.375943
   10         0       0.214768     0.00214768        43.9423       0.439423
   10         0       0.251119     0.00251119        49.6048       0.496048
   10         0       0.290227     0.00290227        55.6451       0.556451
   10         0       0.329428     0.00329428        61.5629       0.615629
   10         0       0.372016     0.00372016        67.8524       0.678524
   10         0       0.411223     0.00411223        73.5571       0.735571
   10         0       0.453728     0.00453728        79.6382       0.796382
   10         0       0.496443     0.00496443        85.6257       0.856257
   10         0       0.542298     0.00542298        91.9781       0.919781
   10         0       0.584251     0.00584251        97.7956       0.977956
   10         0       0.629972     0.00629972        103.982        1.03982
   10         0       0.672598     0.00672598        109.658        1.09658
   10         0       0.718516     0.00718516        115.704        1.15704
   10         0       0.764531     0.00764531        121.687        1.21687
   10         0       0.810313     0.00810313        127.613        1.27613
   10         0       0.859551     0.00859551        133.904        1.33904
   10         0       0.905742     0.00905742        139.725        1.39725
   10         1      0.0269828    0.000269828        8.77524      0.0877524
   10         1      0.0591321    0.000591321        15.7115       0.157115
   10         1      0.0984256    0.000984256        22.7414       0.227414
   10         1       0.141291     0.00141291        29.8152       0.298152
   10         1       0.185218     0.00185218        36.5712       0.365712
   10         1       0.232123     0.00232123        43.6615       0.436615
   10         1       0.280026     0.00280026        50.5799       0.505799
   10         1        0.33035      0.0033035        57.8816       0.578816
   10         1       0.377675     0.00377675        64.5496       0.645496
   10         1       0.429179     0.00429179         71.629        0.71629
   10         1       0.480427     0.00480427        78.6178       0.786178
   10         1       0.531905     0.00531905        85.5273       0.855273
   10         1       0.585926     0.00585926        92.8524       0.928524
   10         1       0.637342     0.00637342        99.6245       0.996245
   10         1       0.692298     0.00692298        106.818        1.06818
   10         1       0.747433     0.00747433        113.953        1.13953
   10         1       0.798633     0.00798633        120.564        1.20564
   10         1       0.852993     0.00852993        127.601        1.27601
   10         1       0.908624     0.00908624        134.592        1.34592
   10         1       0.964108     0.00964108        141.542        1.41542
   10         1        1.02394      0.0102394        148.913        1.48913
   10         2     0.00936573    9.36573e-05        8.59378      0.0859378
   10         2      0.0491193    0.000491193        15.4234       0.154234
   10         2      0.0968235    0.000968235        22.9414       0.229414
   10         2       0.140552     0.00140552        29.4382       0.294382
   10         2       0.187378     0.00187378        36.7378       0.367378
   10         2       0.232516     0.00232516        43.7001       0.437001
   10         2       0.281668     0.00281668        50.8872       0.508872
   10         2       0.330771     0.00330771         57.808        0.57808
   10         2       0.383373     0.00383373        64.9789       0.649789
   10         2        0.43612      0.0043612        71.9402       0.719402
   10         2       0.487922     0.00487922        78.7268       0.787268
   10         2       0.544176     0.00544176        85.8053       0.858053
   10         2       0.600468     0.00600468        92.7448       0.927448
   10         2        0.66024      0.0066024         99.991        0.99991
   10         2        0.71654      0.0071654         106.71         1.0671
   10         2       0.775449     0.00775449         113.76         1.1376
   10         2          0.835        0.00835        120.733        1.20733
   10         2        0.89506      0.0089506        127.641        1.27641
   10         2       0.958928     0.00958928        134.895        1.34895
   10         2        1.01962      0.0101962        141.701        1.41701
   10         2         1.0835       0.010835        148.866        1.48866
   10         3      0.0364659    0.000364659        10.8304       0.108304
   10         3      0.0692229    0.000692229        17.3846       0.173846
   10         3       0.109259     0.00109259        24.9641       0.249641
   10         3       0.145656     0.00145656        31.5449       0.315449
   10         3        0.18619      0.0018619        38.5105       0.385105
   10         3       0.231663     0.00231663        45.8387       0.458387
   10         3       0.275916     0.00275916        52.9307       0.529307
   10         3       0.320541     0.00320541        59.8227       0.598227
   10         3       0.365806     0.00365806        66.5434       0.665434
   10         3       0.414708     0.00414708        73.6575       0.736575
   10         3       0.463206     0.00463206        80.6218       0.806218
   10         3       0.515295     0.00515295        87.9764       0.879764
   10         3       0.564258     0.00564258        94.6882       0.946882
   10         3       0.616808     0.00616808        101.805        1.01805
   10         3       0.669624     0.00669624        108.822        1.08822
   10         3        0.72157      0.0072157        115.749        1.15749
   10         3       0.773913     0.00773913        122.597        1.22597
   10         3       0.830394     0.00830394        129.858        1.29858
   10         3        0.88324      0.0088324        136.571        1.36571
   10         3       0.940008     0.00940008        143.702        1.43702
   10         3       0.996111     0.00996111        150.777        1.50777
   11         0      0.0346005    0.000346005        11.4986       0.114986
   11         0      0.0633322    0.000633322        18.4753       0.184753
   11         0      0.0972879    0.000972879        25.7626       0.257626
   11         0       0.133856     0.00133856        32.9661       0.329661
   11         0       0.170525     0.00170525        39.7338       0.397338
   11         0       0.209604     0.00209604        46.6362       0.466362
   11         0       0.253183     0.00253183        53.6951       0.536951
   11         0       0.299052     0.00299052        60.9256       0.609256
   11         0          0.345        0.00345         67.934        0.67934
   11         0       0.390882     0.00390882         74.762        0.74762
   11         0       0.438722     0.00438722        81.8301       0.818301
   11         0       0.487383     0.00487383         88.761        0.88761
   11         0       0.538836     0.00538836         95.954        0.95954
   11         0       0.587564     0.00587564        102.671        1.02671
   11         0        0.63891      0.0063891        109.677        1.09677
   11         0       0.692625     0.00692625        116.973        1.16973
   11         0       0.743371     0.00743371        123.843        1.23843
   11         0       0.794832     0.00794832        130.664        1.30664
   11         0       0.848779     0.00848779          137.8          1.378
   11         0       0.903211     0.00903211          144.9          1.449
   11         1      0.0392749    0.000392749         16.658        0.16658
   11         1      0.0737136    0.000737136        22.5518       0.225518
   11         1       0.111022     0.00111022         28.836        0.28836
   11         1       0.145461     0.00145461          34.54         0.3454
   11         1       0.182828     0.00182828         40.608        0.40608
   11         1       0.221326     0.00221326        46.5558       0.465558
   11         1        0.26201      0.0026201        52.8256       0.528256
   11         1       0.302958     0.00302958        58.9585       0.589585
   11         1        0.34431      0.0034431        64.9625       0.649625
   11         1       0.385651     0.00385651        70.8484       0.708484
   11         1       0.426819     0.00426819        76.6291       0.766291
   11         1       0.470571     0.00470571        82.7209       0.827209
   11         1        0.51461      0.0051461        88.7246       0.887246
   11         1       0.559078     0.00559078        94.6562       0.946562
   11         1       0.606284     0.00606284        100.921        1.00921
   11         1       0.650188     0.00650188         106.75         1.0675
   11         1       0.697031     0.00697031        112.934        1.12934
   11         1       0.741443     0.00741443        118.712        1.18712
   11         1       0.788644     0.00788644        124.864        1.24864
   11         1       0.832565     0.00832565        130.629        1.30629
   11         1       0.879469     0.00879469        136.784        1.36784
   11         1       0.927115     0.00927115        142.951        1.42951
   11         1       0.971859     0.00971859        148.749        1.48749
   11         2      0.0269787    0.000269787        10.4484       0.104484
   11         2       0.058071     0.00058071        16.9335       0.169335
   11         2      0.0915549    0.000915549        22.9271       0.229271
   11         2       0.127431     0.00127431        28.9573       0.289573
   11         2       0.163312     0.00163312         34.765        0.34765
   11         2        0.20206      0.0020206        40.7958       0.407958
   11         2       0.240858     0.00240858        46.6999       0.466999
   11         2         0.2821       0.002821        52.8631       0.528631
   11         2       0.322833     0.00322833        58.9326       0.589326
   11         2       0.363706     0.00363706        64.9225       0.649225
   11         2       0.405119     0.00405119        70.8428       0.708428
   11         2       0.446495     0.00446495        76.7022       0.767022
   11         2       0.490455     0.00490455        82.8462       0.828462
   11         2       0.534275     0.00534275        88.9354       0.889354
   11         2       0.578019     0.00578019        94.9749       0.949749
   11         2        0.62173      0.0062173        100.969        1.00969
   11         2       0.665576     0.00665576        106.921        1.06921
   11         2        0.70939      0.0070939        112.836        1.12836
   11         2       0.753143     0.00753143        118.714        1.18714
   11         2       0.799521     0.00799521        124.884        1.24884
   11         2       0.843175     0.00843175        130.699        1.30699
   11         3      0.0288808    0.000288808        11.9879       0.119879
   11         3      0.0573787    0.000573787        17.5413       0.175413
   11         3      0.0930011    0.000930011        23.8485       0.238485
   11         3       0.128623     0.00128623        29.8632       0.298632
   11         3       0.164216     0.00164216        35.6851       0.356851
   11         3       0.203942     0.00203942        41.9156       0.419156
   11         3       0.244466     0.00244466        47.9957       0.479957
   11         3       0.284868     0.00284868        53.9468       0.539468
   11         3        0.32419      0.0032419        59.7846       0.597846
   11         3       0.363914     0.00363914        65.5222       0.655222
   11         3       0.407926     0.00407926        71.6785       0.716785
   11         3       0.451759     0.00451759        77.7386       0.777386
   11         3       0.495675     0.00495675        83.7115       0.837115
   11         3       0.539642     0.00539642        89.6056       0.896056
   11         3       0.586303     0.00586303        95.9092       0.959092
   11         3        0.63009      0.0063009        101.659        1.01659
   11         3       0.677757     0.00677757         107.82         1.0782
   11         3       0.725338     0.00725338        113.917        1.13917
   11         3       0.773105     0.00773105        119.953        1.19953
   11         3       0.819814     0.00819814        125.934        1.25934
   11         3       0.867172     0.00867172        131.863        1.31863
   11         3       0.915149     0.00915149        137.746        1.37746
   11         3       0.963071     0.00963071        143.584        1.43584
