 *tel    numcsi   CsIInChannel     errCsIInChannel           CsIE       errCsIE
    0         0             98            0.5        8.47126      0.0847126
    0         0            200            0.5        24.6238       0.246238
    0         0            302            0.5        40.1162       0.401162
    0         0            410            0.5        56.9499       0.569499
    0         0            506            0.5        72.2315       0.722315
    0         0            608            0.5        88.7473       0.887473
    0         0            704            0.5        104.536        1.04536
    0         0            800            0.5        120.557        1.20557
    0         0            896            0.5        136.812        1.36812
    0         0            986            0.5        152.262        1.52262
    0         0           1082            0.5        168.968        1.68968
    0         0           1172            0.5        184.844        1.84844
    0         0           1262            0.5        200.926        2.00926
    0         0           1346            0.5        216.118        2.16118
    0         0           1436            0.5        232.593        2.32593
    0         0           1520            0.5        248.147        2.48147
    0         0           1604            0.5        263.875        2.63875
    0         0           1694            0.5        280.909        2.80909
    0         0           1778            0.5         296.98         2.9698
    0         0           1856            0.5        312.051        3.12051
    0         0           1940            0.5        328.439        3.28439
    0         1             77            0.5        6.81698      0.0681698
    0         1            182            0.5        24.5556       0.245556
    0         1            287            0.5        41.9294       0.419294
    0         1            385            0.5        58.1183       0.581183
    0         1            490            0.5        75.5531       0.755531
    0         1            588            0.5        91.9673       0.919673
    0         1            693            0.5        109.743        1.09743
    0         1            791            0.5        126.535        1.26535
    0         1            889            0.5        143.534        1.43534
    0         1            987            0.5        160.749        1.60749
    0         1           1078            0.5        176.934        1.76934
    0         1           1176            0.5        194.577        1.94577
    0         1           1267            0.5        211.159        2.11159
    0         1           1358            0.5        227.933        2.27933
    0         1           1449            0.5        244.894        2.44894
    0         1           1540            0.5        262.046        2.62046
    0         1           1631            0.5         279.38         2.7938
    0         1           1722            0.5        296.899        2.96899
    0         1           1806            0.5        313.221        3.13221
    0         1           1890            0.5        329.704        3.29704
    0         1           1981            0.5        347.719        3.47719
    0         2            101            0.5        8.73823      0.0873823
    0         2            206            0.5        25.8237       0.258237
    0         2            311            0.5        42.5592       0.425592
    0         2            416            0.5        59.2636       0.592636
    0         2            521            0.5        76.0301       0.760301
    0         2            626            0.5        92.9075       0.929075
    0         2            731            0.5        109.928        1.09928
    0         2            836            0.5         127.11         1.2711
    0         2            941            0.5        144.468        1.44468
    0         2           1039            0.5         160.84         1.6084
    0         2           1144            0.5        178.564        1.78564
    0         2           1242            0.5        195.282        1.95282
    0         2           1340            0.5        212.172        2.12172
    0         2           1438            0.5        229.233        2.29233
    0         2           1536            0.5        246.463        2.46463
    0         2           1634            0.5        263.858        2.63858
    0         2           1725            0.5        280.156        2.80156
    0         2           1823            0.5        297.869        2.97869
    0         2           1914            0.5        314.465        3.14465
    0         2           2005            0.5        331.199        3.31199
    0         2           2096            0.5        348.063        3.48063
    0         3             45            0.5        8.00193      0.0800193
    0         3            135            0.5        23.0345       0.230345
    0         3            231            0.5        38.6966       0.386966
    0         3            321            0.5        53.4284       0.534284
    0         3            411            0.5        68.2849       0.682849
    0         3            501            0.5        83.2992       0.832992
    0         3            591            0.5        98.4918       0.984918
    0         3            681            0.5        113.874        1.13874
    0         3            765            0.5        128.408        1.28408
    0         3            849            0.5        143.117        1.43117
    0         3            933            0.5        158.002        1.58002
    0         3           1017            0.5        173.068        1.73068
    0         3           1101            0.5         188.31         1.8831
    0         3           1185            0.5        203.725        2.03725
    0         3           1263            0.5        218.196        2.18196
    0         3           1347            0.5        233.945        2.33945
    0         3           1425            0.5        248.724        2.48724
    0         3           1503            0.5        263.643        2.63643
    0         3           1581            0.5        278.708        2.78708
    0         3           1659            0.5        293.908        2.93908
    0         3           1731            0.5        308.057        3.08057
    0         3           1809            0.5        323.527        3.23527
    1         0            106            0.5        6.92368      0.0692368
    1         0            211            0.5        23.7305       0.237305
    1         0            316            0.5        39.2371       0.392371
    1         0            421            0.5        55.0493       0.550493
    1         0            526            0.5        71.1573       0.711573
    1         0            631            0.5        87.5169       0.875169
    1         0            729            0.5        102.996        1.02996
    1         0            834            0.5        119.803        1.19803
    1         0            932            0.5        135.699        1.35699
    1         0           1030            0.5        151.799        1.51799
    1         0           1121            0.5         166.93         1.6693
    1         0           1219            0.5        183.423        1.83423
    1         0           1310            0.5        198.923        1.98923
    1         0           1408            0.5         215.81         2.1581
    1         0           1499            0.5        231.674        2.31674
    1         0           1590            0.5        247.706        2.47706
    1         0           1681            0.5        263.909        2.63909
    1         0           1765            0.5        279.017        2.79017
    1         0           1856            0.5        295.536        2.95536
    1         0           1940            0.5        310.931        3.10931
    1         0           2031            0.5        327.757        3.27757
    1         1             99            0.5        7.98339      0.0798339
    1         1            197            0.5        23.4416       0.234416
    1         1            302            0.5        39.8075       0.398075
    1         1            400            0.5        55.0734       0.550734
    1         1            505            0.5        71.4915       0.714915
    1         1            603            0.5        86.9098       0.869098
    1         1            708            0.5        103.556        1.03556
    1         1            806            0.5        119.227        1.19227
    1         1            904            0.5         135.04         1.3504
    1         1           1002            0.5            151           1.51
    1         1           1100            0.5        167.114        1.67114
    1         1           1198            0.5        183.384        1.83384
    1         1           1296            0.5        199.811        1.99811
    1         1           1387            0.5        215.204        2.15204
    1         1           1485            0.5        231.931        2.31931
    1         1           1576            0.5        247.601        2.47601
    1         1           1667            0.5        263.403        2.63403
    1         1           1758            0.5        279.335        2.79335
    1         1           1849            0.5        295.397        2.95397
    1         1           1940            0.5        311.576        3.11576
    1         1           2031            0.5        327.883        3.27883
    1         2             84            0.5        8.44853      0.0844853
    1         2            180            0.5        23.9083       0.239083
    1         2            270            0.5        38.2569       0.382569
    1         2            366            0.5        53.5796       0.535796
    1         2            462            0.5         68.988        0.68988
    1         2            552            0.5        83.5454       0.835454
    1         2            642            0.5        98.2301       0.982301
    1         2            732            0.5        113.056        1.13056
    1         2            822            0.5        128.034        1.28034
    1         2            912            0.5        143.172        1.43172
    1         2           1002            0.5        158.467        1.58467
    1         2           1092            0.5        173.931        1.73931
    1         2           1176            0.5        188.512        1.88512
    1         2           1260            0.5        203.238        2.03238
    1         2           1344            0.5        218.109        2.18109
    1         2           1428            0.5        233.119        2.33119
    1         2           1512            0.5        248.271        2.48271
    1         2           1596            0.5        263.566        2.63566
    1         2           1680            0.5        278.994        2.78994
    1         2           1758            0.5        293.444        2.93444
    1         2           1836            0.5        308.013        3.08013
    1         3            110            0.5        8.76454      0.0876454
    1         3            200            0.5        24.2203       0.242203
    1         3            296            0.5        40.0283       0.400283
    1         3            398            0.5        56.7584       0.567584
    1         3            494            0.5        72.5933       0.725933
    1         3            590            0.5        88.5779       0.885779
    1         3            686            0.5        104.747        1.04747
    1         3            776            0.5        120.089        1.20089
    1         3            872            0.5        136.666        1.36666
    1         3            962            0.5        152.411        1.52411
    1         3           1052            0.5        168.357        1.68357
    1         3           1142            0.5        184.508        1.84508
    1         3           1232            0.5        200.864        2.00864
    1         3           1316            0.5         216.31         2.1631
    1         3           1400            0.5        231.932        2.31932
    1         3           1490            0.5        248.865        2.48865
    1         3           1574            0.5        264.844        2.64844
    1         3           1658            0.5        280.991        2.80991
    1         3           1736            0.5        296.136        2.96136
    1         3           1820            0.5        312.602        3.12602
    2         0             80            0.5         7.9807       0.079807
    2         0            164            0.5        21.1476       0.211476
    2         0            260            0.5        35.9135       0.359135
    2         0            344            0.5        49.0709       0.490709
    2         0            434            0.5        63.3031       0.633031
    2         0            524            0.5        77.6359       0.776359
    2         0            608            0.5        91.1046       0.911046
    2         0            698            0.5        105.644        1.05644
    2         0            782            0.5        119.329        1.19329
    2         0            866            0.5        133.135        1.33135
    2         0            950            0.5        147.073        1.47073
    2         0           1034            0.5         161.15         1.6115
    2         0           1118            0.5        175.367        1.75367
    2         0           1202            0.5        189.734        1.89734
    2         0           1280            0.5        203.205        2.03205
    2         0           1364            0.5         217.86         2.1786
    2         0           1442            0.5          231.6          2.316
    2         0           1520            0.5        245.472        2.45472
    2         0           1598            0.5        259.471        2.59471
    2         0           1676            0.5        273.604        2.73604
    2         0           1754            0.5        287.858        2.87858
    2         0           1826            0.5        301.127        3.01127
    2         1            102            0.5        6.03824      0.0603824
    2         1            182            0.5        21.1395       0.211395
    2         1            272            0.5         36.558        0.36558
    2         1            357            0.5        51.2383       0.512383
    2         1            442            0.5        66.1781       0.661781
    2         1            527            0.5        81.3894       0.813894
    2         1            612            0.5        96.8753       0.968753
    2         1            692            0.5        111.706        1.11706
    2         1            772            0.5        126.787        1.26787
    2         1            847            0.5        141.157        1.41157
    2         1            927            0.5         156.73         1.5673
    2         1           1002            0.5        171.565        1.71565
    2         1           1077            0.5        186.623        1.86623
    2         1           1152            0.5        201.905        2.01905
    2         1           1222            0.5        216.366        2.16366
    2         1           1292            0.5        231.021        2.31021
    2         1           1367            0.5         246.93         2.4693
    2         1           1437            0.5        261.977        2.61977
    2         1           1502            0.5        276.109        2.76109
    2         1           1572            0.5        291.502        2.91502
    2         1           1637            0.5        305.964        3.05964
    2         2             78            0.5        7.39311      0.0739311
    2         2            168            0.5        21.9807       0.219807
    2         2            252            0.5         35.206        0.35206
    2         2            342            0.5        49.2315       0.492315
    2         2            432            0.5        63.2427       0.632427
    2         2            522            0.5        77.3209       0.773209
    2         2            612            0.5        91.5148       0.915148
    2         2            702            0.5        105.858        1.05858
    2         2            786            0.5        119.399        1.19399
    2         2            870            0.5        133.101        1.33101
    2         2            960            0.5        147.971        1.47971
    2         2           1038            0.5         161.02         1.6102
    2         2           1122            0.5        175.247        1.75247
    2         2           1206            0.5        189.651        1.89651
    2         2           1284            0.5        203.194        2.03194
    2         2           1368            0.5        217.948        2.17948
    2         2           1446            0.5        231.811        2.31811
    2         2           1524            0.5        245.827        2.45827
    2         2           1602            0.5        259.995        2.59995
    2         2           1674            0.5        273.204        2.73204
    2         2           1752            0.5        287.661        2.87661
    2         3            104            0.5        7.37357      0.0737357
    2         3            189            0.5        21.8589       0.218589
    2         3            274            0.5        35.4558       0.354558
    2         3            359            0.5        49.2753       0.492753
    2         3            444            0.5        63.2766       0.632766
    2         3            529            0.5        77.4231       0.774231
    2         3            614            0.5        91.7092       0.917092
    2         3            694            0.5        105.286        1.05286
    2         3            779            0.5        119.861        1.19861
    2         3            859            0.5        133.727        1.33727
    2         3            939            0.5        147.742        1.47742
    2         3           1019            0.5        161.911        1.61911
    2         3           1094            0.5         175.34         1.7534
    2         3           1174            0.5        189.818        1.89818
    2         3           1249            0.5        203.539        2.03539
    2         3           1324            0.5        217.401        2.17401
    2         3           1399            0.5        231.407        2.31407
    2         3           1474            0.5        245.553        2.45553
    2         3           1549            0.5        259.838        2.59838
    2         3           1619            0.5        273.297        2.73297
    2         3           1694            0.5        287.847        2.87847
    3         0             81            0.5        7.19654      0.0719654
    3         0            156            0.5        19.4833       0.194833
    3         0            236            0.5        31.5395       0.315395
    3         0            316            0.5        43.6232       0.436232
    3         0            396            0.5        55.8136       0.558136
    3         0            471            0.5        67.3356       0.673356
    3         0            551            0.5        79.7237       0.797237
    3         0            626            0.5         91.435        0.91435
    3         0            701            0.5        103.245        1.03245
    3         0            781            0.5         115.96         1.1596
    3         0            856            0.5        127.995        1.27995
    3         0            926            0.5        139.332        1.39332
    3         0           1001            0.5        151.595        1.51595
    3         0           1076            0.5        163.982        1.63982
    3         0           1146            0.5        175.654        1.75654
    3         0           1216            0.5        187.434        1.87434
    3         0           1286            0.5        199.324        1.99324
    3         0           1356            0.5        211.326        2.11326
    3         0           1426            0.5        223.438        2.23438
    3         0           1496            0.5        235.657        2.35657
    3         0           1566            0.5        247.982        2.47982
    3         1            108            0.5        7.16054      0.0716054
    3         1            178            0.5        19.2228       0.192228
    3         1            253            0.5        31.3806       0.313806
    3         1            333            0.5        43.9286       0.439286
    3         1            408            0.5         55.545        0.55545
    3         1            488            0.5        67.9386       0.679386
    3         1            563            0.5        79.6479       0.796479
    3         1            638            0.5        91.4961       0.914961
    3         1            713            0.5        103.514        1.03514
    3         1            788            0.5        115.722        1.15722
    3         1            858            0.5        127.297        1.27297
    3         1            933            0.5          139.9          1.399
    3         1           1003            0.5        151.857        1.51857
    3         1           1068            0.5        163.125        1.63125
    3         1           1138            0.5        175.444        1.75444
    3         1           1208            0.5        187.949        1.87949
    3         1           1273            0.5        199.727        1.99727
    3         1           1338            0.5        211.662        2.11662
    3         1           1403            0.5        223.755        2.23755
    3         1           1463            0.5         235.06         2.3506
    3         1           1528            0.5        247.451        2.47451
    3         2             99            0.5        8.80958      0.0880958
    3         2            155            0.5        21.8985       0.218985
    3         2            211            0.5        34.4006       0.344006
    3         2            271            0.5        47.5521       0.475521
    3         2            331            0.5         60.658        0.60658
    3         2            391            0.5        73.8346       0.738346
    3         2            447            0.5        86.2578       0.862578
    3         2            507            0.5        99.7447       0.997447
    3         2            563            0.5        112.521        1.12521
    3         2            619            0.5        125.498        1.25498
    3         2            675            0.5        138.682        1.38682
    3         2            727            0.5         151.12         1.5112
    3         2            783            0.5        164.727        1.64727
    3         2            835            0.5        177.563        1.77563
    3         2            887            0.5        190.592        1.90592
    3         2            939            0.5        203.813        2.03813
    3         2            987            0.5        216.189        2.16189
    3         2           1039            0.5        229.781        2.29781
    3         2           1087            0.5        242.498        2.42498
    3         2           1135            0.5        255.373        2.55373
    3         2           1183            0.5         268.41         2.6841
    3         2           1231            0.5          281.6          2.816
    3         3             77            0.5        5.91886      0.0591886
    3         3            167            0.5        20.8199       0.208199
    3         3            257            0.5        34.7086       0.347086
    3         3            347            0.5        48.4631       0.484631
    3         3            437            0.5        62.1928       0.621928
    3         3            533            0.5        76.8858       0.768858
    3         3            623            0.5        90.7581       0.907581
    3         3            713            0.5        104.765        1.04765
    3         3            803            0.5        118.932        1.18932
    3         3            887            0.5        132.319        1.32319
    3         3            977            0.5         146.85         1.4685
    3         3           1061            0.5        160.596        1.60596
    3         3           1145            0.5        174.527        1.74527
    3         3           1229            0.5        188.648        1.88648
    3         3           1313            0.5        202.953        2.02953
    3         3           1391            0.5        216.412        2.16412
    3         3           1469            0.5        230.033        2.30033
    3         3           1553            0.5        244.879        2.44879
    3         3           1631            0.5        258.841        2.58841
    3         3           1709            0.5        272.959        2.72959
    3         3           1781            0.5        286.133        2.86133
    3         3           1859            0.5        300.555        3.00555
    4         0            115            0.5        5.77417      0.0577417
    4         0            206            0.5        18.9316       0.189316
    4         0            304            0.5        31.6801       0.316801
    4         0            402            0.5        44.2943       0.442943
    4         0            507            0.5        57.7825       0.577825
    4         0            605            0.5        70.3808       0.703808
    4         0            710            0.5        83.9221       0.839221
    4         0            808            0.5        96.6292       0.966292
    4         0            906            0.5        109.423        1.09423
    4         0           1004            0.5        122.323        1.22323
    4         0           1102            0.5         135.34         1.3534
    4         0           1200            0.5        148.486        1.48486
    4         0           1298            0.5        161.768        1.61768
    4         0           1389            0.5        174.227        1.74227
    4         0           1487            0.5        187.786        1.87786
    4         0           1578            0.5        200.509        2.00509
    4         0           1669            0.5        213.358        2.13358
    4         0           1760            0.5         226.34         2.2634
    4         0           1851            0.5        239.447        2.39447
    4         0           1942            0.5        252.689        2.52689
    4         0           2026            0.5        265.022        2.65022
    4         0           2117            0.5        278.506        2.78506
    4         1             79            0.5        5.28288      0.0528288
    4         1            177            0.5        19.4097       0.194097
    4         1            296            0.5        33.8214       0.338214
    4         1            408            0.5        47.2585       0.472585
    4         1            527            0.5         61.747        0.61747
    4         1            639            0.5        75.6046       0.756046
    4         1            751            0.5        89.6698       0.896698
    4         1            863            0.5        103.941        1.03941
    4         1            968            0.5        117.501        1.17501
    4         1           1073            0.5        131.239        1.31239
    4         1           1178            0.5        145.154        1.45154
    4         1           1283            0.5        159.245        1.59245
    4         1           1388            0.5         173.51         1.7351
    4         1           1493            0.5        187.949        1.87949
    4         1           1591            0.5        201.579        2.01579
    4         1           1689            0.5        215.356        2.15356
    4         1           1787            0.5        229.276        2.29276
    4         1           1885            0.5        243.341        2.43341
    4         1           1983            0.5        257.542        2.57542
    4         1           2081            0.5        271.887        2.71887
    4         1           2172            0.5        285.325        2.85325
    4         2            104            0.5        5.15171      0.0515171
    4         2            188            0.5        18.3208       0.183208
    4         2            284            0.5        31.2932       0.312932
    4         2            386            0.5        44.7385       0.447385
    4         2            482            0.5        57.4256       0.574256
    4         2            578            0.5        70.2189       0.702189
    4         2            680            0.5        83.9556       0.839556
    4         2            770            0.5        96.2111       0.962111
    4         2            866            0.5        109.431        1.09431
    4         2            962            0.5         122.81         1.2281
    4         2           1052            0.5        135.501        1.35501
    4         2           1142            0.5         148.34         1.4834
    4         2           1232            0.5         161.33         1.6133
    4         2           1322            0.5         174.47         1.7447
    4         2           1412            0.5        187.759        1.87759
    4         2           1496            0.5        200.301        2.00301
    4         2           1586            0.5        213.882        2.13882
    4         2           1670            0.5        226.698        2.26698
    4         2           1754            0.5         239.64         2.3964
    4         2           1838            0.5        252.707        2.52707
    4         2           1922            0.5        265.904        2.65904
    4         3            105            0.5        6.51948      0.0651948
    4         3            183            0.5        18.3461       0.183461
    4         3            273            0.5        30.4605       0.304605
    4         3            363            0.5        42.3247       0.423247
    4         3            459            0.5        54.9566       0.549566
    4         3            549            0.5        66.8379       0.668379
    4         3            639            0.5        78.7867       0.787867
    4         3            729            0.5        90.8218       0.908218
    4         3            819            0.5        102.959        1.02959
    4         3            903            0.5        114.391        1.14391
    4         3            993            0.5        126.761        1.26761
    4         3           1077            0.5        138.423        1.38423
    4         3           1161            0.5        150.206        1.50206
    4         3           1251            0.5        162.968        1.62968
    4         3           1329            0.5        174.146        1.74146
    4         3           1413            0.5        186.304        1.86304
    4         3           1497            0.5        198.594        1.98594
    4         3           1575            0.5        210.119        2.10119
    4         3           1659            0.5        222.657        2.22657
    4         3           1737            0.5        234.415        2.34415
    4         3           1815            0.5         246.28         2.4628
    5         0             98            0.5        6.94027      0.0694027
    5         0            196            0.5        20.5372       0.205372
    5         0            308            0.5        34.6472       0.346472
    5         0            420            0.5        48.8082       0.488082
    5         0            525            0.5        62.2623       0.622623
    5         0            637            0.5        76.8038       0.768038
    5         0            742            0.5         90.611        0.90611
    5         0            847            0.5        104.587        1.04587
    5         0            952            0.5        118.733        1.18733
    5         0           1050            0.5        132.096        1.32096
    5         0           1155            0.5        146.583        1.46583
    5         0           1253            0.5        160.267        1.60267
    5         0           1351            0.5        174.108        1.74108
    5         0           1449            0.5        188.105        1.88105
    5         0           1547            0.5        202.257        2.02257
    5         0           1645            0.5        216.566        2.16566
    5         0           1736            0.5        229.989        2.29989
    5         0           1834            0.5        244.594        2.44594
    5         0           1925            0.5        258.287        2.58287
    5         0           2016            0.5        272.108        2.72108
    5         0           2107            0.5        286.056        2.86056
    5         1             87            0.5        3.98696      0.0398696
    5         1            207            0.5        18.8604       0.188604
    5         1            335            0.5        32.3277       0.323277
    5         1            471            0.5        46.6572       0.466572
    5         1            599            0.5         60.351        0.60351
    5         1            727            0.5        74.2378       0.742378
    5         1            855            0.5        88.3089       0.883089
    5         1            983            0.5        102.562        1.02562
    5         1           1103            0.5        116.094        1.16094
    5         1           1231            0.5        130.711        1.30711
    5         1           1351            0.5        144.591        1.44591
    5         1           1471            0.5        158.645        1.58645
    5         1           1591            0.5        172.873        1.72873
    5         1           1703            0.5        186.314        1.86314
    5         1           1823            0.5        200.882        2.00882
    5         1           1935            0.5        214.637        2.14637
    5         1           2047            0.5        228.542        2.28542
    5         1           2159            0.5        242.599        2.42599
    5         1           2271            0.5        256.804        2.56804
    5         1           2375            0.5        270.124        2.70124
    5         1           2487            0.5        284.615        2.84615
    5         2             94            0.5        6.83226      0.0683226
    5         2            199            0.5        19.5742       0.195742
    5         2            311            0.5        32.2539       0.322539
    5         2            437            0.5        45.8884       0.458884
    5         2            556            0.5        58.5289       0.585289
    5         2            682            0.5        71.9137       0.719137
    5         2            801            0.5        84.6822       0.846822
    5         2            920            0.5        97.6373       0.976373
    5         2           1039            0.5        110.812        1.10812
    5         2           1151            0.5        123.427        1.23427
    5         2           1263            0.5        136.259        1.36259
    5         2           1375            0.5        149.308        1.49308
    5         2           1487            0.5        162.577        1.62577
    5         2           1592            0.5        175.211        1.75211
    5         2           1704            0.5        188.899        1.88899
    5         2           1809            0.5        201.923        2.01923
    5         2           1907            0.5        214.248        2.14248
    5         2           2012            0.5        227.628        2.27628
    5         2           2110            0.5        240.275        2.40275
    5         2           2215            0.5        253.993        2.53993
    5         3            112            0.5        5.55816      0.0555816
    5         3            266            0.5        17.8541       0.178541
    5         3            431            0.5        29.8535       0.298535
    5         3            596            0.5         41.633        0.41633
    5         3            761            0.5        53.2851       0.532851
    5         3            937            0.5        65.6349       0.656349
    5         3           1113            0.5        77.9582       0.779582
    5         3           1278            0.5        89.5287       0.895287
    5         3           1454            0.5        101.924        1.01924
    5         3           1619            0.5        113.619        1.13619
    5         3           1784            0.5        125.404        1.25404
    5         3           1949            0.5        137.293        1.37293
    5         3           2114            0.5        149.295        1.49295
    5         3           2279            0.5         161.42         1.6142
    5         3           2444            0.5        173.671        1.73671
    5         3           2598            0.5        185.227        1.85227
    5         3           2763            0.5        197.736        1.97736
    5         3           2917            0.5        209.536        2.09536
    5         3           3071            0.5        221.458        2.21458
    5         3           3225            0.5        233.495        2.33495
    5         3           3379            0.5        245.656        2.45656
    6         0             77            0.5         6.8856       0.068856
    6         0            155            0.5        18.9989       0.189989
    6         0            239            0.5        30.5105       0.305105
    6         0            329            0.5        42.5367       0.425367
    6         0            419            0.5        54.4868       0.544868
    6         0            509            0.5        66.4418       0.664418
    6         0            599            0.5        78.4475       0.784475
    6         0            689            0.5        90.5369       0.905369
    6         0            779            0.5        102.734        1.02734
    6         0            863            0.5         114.23         1.1423
    6         0            953            0.5        126.681        1.26681
    6         0           1037            0.5        138.435        1.38435
    6         0           1121            0.5        150.324        1.50324
    6         0           1205            0.5        162.353        1.62353
    6         0           1289            0.5        174.522        1.74522
    6         0           1373            0.5        186.837        1.86837
    6         0           1451            0.5        198.401        1.98401
    6         0           1535            0.5        210.994        2.10994
    6         0           1613            0.5         222.82         2.2282
    6         0           1691            0.5        234.766        2.34766
    6         0           1769            0.5        246.838        2.46838
    6         0           1841            0.5         258.09         2.5809
    6         1             83            0.5        7.17891      0.0717891
    6         1            179            0.5        20.4182       0.204182
    6         1            281            0.5        33.6495       0.336495
    6         1            383            0.5        46.9167       0.469167
    6         1            479            0.5        59.4672       0.594672
    6         1            581            0.5        72.8804       0.728804
    6         1            677            0.5        85.5953       0.855953
    6         1            773            0.5        98.4161       0.984161
    6         1            869            0.5        111.357        1.11357
    6         1            965            0.5        124.433        1.24433
    6         1           1061            0.5        137.653        1.37653
    6         1           1151            0.5        150.187        1.50187
    6         1           1247            0.5        163.708        1.63708
    6         1           1337            0.5        176.532        1.76532
    6         1           1427            0.5        189.499        1.89499
    6         1           1517            0.5        202.614        2.02614
    6         1           1607            0.5        215.875        2.15875
    6         1           1691            0.5        228.385        2.28385
    6         1           1781            0.5        241.925        2.41925
    6         1           1865            0.5        254.697        2.54697
    6         2             92            0.5        6.96044      0.0696044
    6         2            164            0.5        17.6456       0.176456
    6         2            248            0.5        28.9937       0.289937
    6         2            332            0.5        39.7393       0.397393
    6         2            420            0.5        50.7379       0.507379
    6         2            508            0.5        61.6796       0.616796
    6         2            596            0.5        72.6831       0.726831
    6         2            684            0.5        83.8202       0.838202
    6         2            768            0.5        94.6191       0.946191
    6         2            852            0.5        105.607        1.05607
    6         2            936            0.5        116.807        1.16807
    6         2           1016            0.5         127.68         1.2768
    6         2           1096            0.5        138.764        1.38764
    6         2           1172            0.5        149.494        1.49494
    6         2           1248            0.5        160.422        1.60422
    6         2           1324            0.5        171.553        1.71553
    6         2           1400            0.5        182.886        1.82886
    6         2           1472            0.5        193.808        1.93808
    6         2           1544            0.5        204.912        2.04912
    6         2           1612            0.5        215.566        2.15566
    6         2           1680            0.5        226.381        2.26381
    6         3             94            0.5         6.5051       0.065051
    6         3            172            0.5        18.6668       0.186668
    6         3            262            0.5        30.8197       0.308197
    6         3            352            0.5        42.7952       0.427952
    6         3            442            0.5         54.831        0.54831
    6         3            532            0.5        66.9506       0.669506
    6         3            616            0.5        78.3424       0.783424
    6         3            706            0.5        90.6375       0.906375
    6         3            790            0.5        102.202        1.02202
    6         3            880            0.5        114.694        1.14694
    6         3            964            0.5        126.455        1.26455
    6         3           1048            0.5        138.317        1.38317
    6         3           1132            0.5        150.284        1.50284
    6         3           1216            0.5        162.359        1.62359
    6         3           1300            0.5        174.546        1.74546
    6         3           1384            0.5        186.843        1.86843
    6         3           1462            0.5        198.363        1.98363
    6         3           1546            0.5        210.876        2.10876
    6         3           1624            0.5        222.597        2.22597
    6         3           1702            0.5        234.415        2.34415
    6         3           1780            0.5        246.325        2.46325
    7         0             98            0.5        6.03207      0.0603207
    7         0            176            0.5        17.6977       0.176977
    7         0            254            0.5        28.2672       0.282672
    7         0            338            0.5        39.3175       0.393175
    7         0            428            0.5        50.9939       0.509939
    7         0            512            0.5         61.835        0.61835
    7         0            596            0.5        72.6737       0.726737
    7         0            680            0.5        83.5432       0.835432
    7         0            764            0.5        94.4657       0.944657
    7         0            848            0.5        105.456        1.05456
    7         0            932            0.5        116.528        1.16528
    7         0           1016            0.5        127.691        1.27691
    7         0           1100            0.5        138.949        1.38949
    7         0           1178            0.5        149.496        1.49496
    7         0           1262            0.5        160.953        1.60953
    7         0           1340            0.5        171.691        1.71691
    7         0           1418            0.5        182.519        1.82519
    7         0           1496            0.5        193.448        1.93448
    7         0           1574            0.5        204.472        2.04472
    7         0           1652            0.5         215.59         2.1559
    7         0           1730            0.5        226.802        2.26802
    7         1             97            0.5        6.35812      0.0635812
    7         1            175            0.5        17.6884       0.176884
    7         1            265            0.5        28.8363       0.288363
    7         1            355            0.5        39.6245       0.396245
    7         1            445            0.5        50.4038       0.504038
    7         1            541            0.5        61.9805       0.619805
    7         1            631            0.5        72.9321       0.729321
    7         1            721            0.5        83.9902       0.839902
    7         1            805            0.5        94.4128       0.944128
    7         1            895            0.5        105.695        1.05695
    7         1            979            0.5        116.338        1.16338
    7         1           1069            0.5        127.864        1.27864
    7         1           1153            0.5        138.738        1.38738
    7         1           1237            0.5        149.727        1.49727
    7         1           1321            0.5        160.835        1.60835
    7         1           1399            0.5        171.252        1.71252
    7         1           1483            0.5        182.588        1.82588
    7         1           1561            0.5        193.217        1.93217
    7         1           1645            0.5        204.779        2.04779
    7         1           1723            0.5        215.619        2.15619
    7         1           1801            0.5        226.562        2.26562
    7         2            117            0.5        6.81076      0.0681076
    7         2            187            0.5        16.8985       0.168985
    7         2            262            0.5         26.516        0.26516
    7         2            347            0.5        36.9973       0.369973
    7         2            427            0.5        46.6988       0.466988
    7         2            512            0.5         56.937        0.56937
    7         2            592            0.5        66.5595       0.665595
    7         2            677            0.5        76.8076       0.768076
    7         2            757            0.5        86.5002       0.865002
    7         2            842            0.5        96.8684       0.968684
    7         2            922            0.5        106.706        1.06706
    7         2           1002            0.5        116.631        1.16631
    7         2           1082            0.5        126.652        1.26652
    7         2           1162            0.5        136.775        1.36775
    7         2           1237            0.5         146.36         1.4636
    7         2           1317            0.5        156.692        1.56692
    7         2           1392            0.5        166.476        1.66476
    7         2           1467            0.5        176.359        1.76359
    7         2           1542            0.5        186.345        1.86345
    7         2           1617            0.5        196.431        1.96431
    7         2           1692            0.5        206.621        2.06621
    7         3             86            0.5        6.80174      0.0680174
    7         3            164            0.5        17.8275       0.178275
    7         3            248            0.5        28.9145       0.289145
    7         3            332            0.5        39.8579       0.398579
    7         3            416            0.5        50.7796       0.507796
    7         3            500            0.5        61.7277       0.617277
    7         3            584            0.5        72.7256       0.727256
    7         3            668            0.5        83.7882       0.837882
    7         3            752            0.5         94.925        0.94925
    7         3            830            0.5        105.339        1.05339
    7         3            914            0.5        116.636        1.16636
    7         3            992            0.5        127.205        1.27205
    7         3           1076            0.5        138.675        1.38675
    7         3           1154            0.5         149.41         1.4941
    7         3           1232            0.5        160.225        1.60225
    7         3           1316            0.5        171.967        1.71967
    7         3           1394            0.5        182.952        1.82952
    7         3           1466            0.5        193.169        1.93169
    7         3           1544            0.5        204.312        2.04312
    7         3           1622            0.5        215.537        2.15537
    7         3           1700            0.5        226.846        2.26846
    8         0            113            0.5        6.96909      0.0696909
    8         0            185            0.5        16.8893       0.168893
    8         0            263            0.5        26.5055       0.265055
    8         0            347            0.5        36.4476       0.364476
    8         0            437            0.5        46.9183       0.469183
    8         0            521            0.5        56.6377       0.566377
    8         0            605            0.5        66.3671       0.663671
    8         0            695            0.5        76.8443       0.768443
    8         0            779            0.5        86.7001       0.867001
    8         0            863            0.5        96.6488       0.966488
    8         0            947            0.5        106.704        1.06704
    8         0           1031            0.5        116.875        1.16875
    8         0           1109            0.5         126.43         1.2643
    8         0           1193            0.5        136.843        1.36843
    8         0           1271            0.5        146.632        1.46632
    8         0           1349            0.5        156.534        1.56534
    8         0           1427            0.5        166.557        1.66557
    8         0           1505            0.5        176.694        1.76694
    8         0           1583            0.5        186.953        1.86953
    8         0           1655            0.5        196.527        1.96527
    8         0           1727            0.5        206.203        2.06203
    8         1            131            0.5        5.31042      0.0531042
    8         1            203            0.5        15.4683       0.154683
    8         1            281            0.5        25.3146       0.253146
    8         1            371            0.5        35.8246       0.358246
    8         1            461            0.5        45.8728       0.458728
    8         1            551            0.5        55.7342       0.557342
    8         1            641            0.5        65.5609       0.655609
    8         1            731            0.5        75.4365       0.754365
    8         1            821            0.5        85.4082       0.854082
    8         1            911            0.5        95.5031       0.955031
    8         1           1001            0.5        105.737        1.05737
    8         1           1085            0.5        115.423        1.15423
    8         1           1175            0.5        125.948        1.25948
    8         1           1259            0.5        135.913        1.35913
    8         1           1337            0.5         145.29         1.4529
    8         1           1421            0.5         155.52         1.5552
    8         1           1505            0.5        165.888        1.65888
    8         1           1583            0.5         175.64         1.7564
    8         1           1661            0.5        185.509        1.85509
    8         1           1739            0.5        195.496        1.95496
    8         2            110            0.5        5.18695      0.0518695
    8         2            165            0.5         13.504        0.13504
    8         2            225            0.5        21.4036       0.214036
    8         2            290            0.5        29.6549       0.296549
    8         2            355            0.5        37.7892       0.377892
    8         2            420            0.5        45.8532       0.458532
    8         2            485            0.5        53.8666       0.538666
    8         2            550            0.5        61.8439       0.618439
    8         2            615            0.5         69.798        0.69798
    8         2            680            0.5        77.7403       0.777403
    8         2            745            0.5         85.682        0.85682
    8         2            810            0.5        93.6314       0.936314
    8         2            875            0.5        101.597        1.01597
    8         2            940            0.5        109.585        1.09585
    8         2           1005            0.5        117.601        1.17601
    8         2           1070            0.5         125.65         1.2565
    8         2           1135            0.5        133.737        1.33737
    8         2           1200            0.5        141.865        1.41865
    8         2           1260            0.5        149.405        1.49405
    8         2           1325            0.5         157.62         1.5762
    8         2           1390            0.5        165.882        1.65882
    8         2           1450            0.5        173.551        1.73551
    8         3            121            0.5         7.9695       0.079695
    8         3            177            0.5        16.5583       0.165583
    8         3            241            0.5        25.7775       0.257775
    8         3            305            0.5        34.7773       0.347773
    8         3            369            0.5        43.6693       0.436693
    8         3            433            0.5        52.5034       0.525034
    8         3            501            0.5        61.8587       0.618587
    8         3            565            0.5        70.6551       0.706551
    8         3            629            0.5        79.4553       0.794553
    8         3            697            0.5        88.8234       0.888234
    8         3            761            0.5        97.6631       0.976631
    8         3            825            0.5        106.532        1.06532
    8         3            893            0.5        115.993        1.15993
    8         3            957            0.5        124.936        1.24936
    8         3           1021            0.5        133.921        1.33921
    8         3           1085            0.5         142.95         1.4295
    8         3           1145            0.5        151.456        1.51456
    8         3           1209            0.5        160.576        1.60576
    8         3           1273            0.5        169.744        1.69744
    8         3           1337            0.5        178.962        1.78962
    8         3           1397            0.5        187.649        1.87649
    9         0            115            0.5        6.21038      0.0621038
    9         0            190            0.5        16.8182       0.168182
    9         0            265            0.5        26.4152       0.264152
    9         0            350            0.5        36.9863       0.369863
    9         0            430            0.5        46.8078       0.468078
    9         0            510            0.5        56.5736       0.565736
    9         0            595            0.5        66.9297       0.669297
    9         0            675            0.5        76.6808       0.766808
    9         0            755            0.5        86.4505       0.864505
    9         0            840            0.5        96.8654       0.968654
    9         0            920            0.5        106.708        1.06708
    9         0           1000            0.5        116.596        1.16596
    9         0           1080            0.5        126.535        1.26535
    9         0           1160            0.5         136.53         1.3653
    9         0           1240            0.5        146.582        1.46582
    9         0           1320            0.5        156.694        1.56694
    9         0           1400            0.5         166.87         1.6687
    9         0           1475            0.5        176.466        1.76466
    9         0           1555            0.5        186.765        1.86765
    9         0           1630            0.5        196.482        1.96482
    9         1            104            0.5        7.10135      0.0710135
    9         1            176            0.5        17.2738       0.172738
    9         1            254            0.5        27.4311       0.274311
    9         1            332            0.5        37.3709       0.373709
    9         1            416            0.5        47.9874       0.479874
    9         1            494            0.5        57.8183       0.578183
    9         1            572            0.5        67.6498       0.676498
    9         1            650            0.5        77.4971       0.774971
    9         1            728            0.5        87.3705       0.873705
    9         1            806            0.5        97.2774       0.972774
    9         1            890            0.5         107.99         1.0799
    9         1            968            0.5        117.981        1.17981
    9         1           1040            0.5        127.246        1.27246
    9         1           1118            0.5        137.329        1.37329
    9         1           1196            0.5        147.464        1.47464
    9         1           1274            0.5         157.65         1.5765
    9         1           1352            0.5         167.89         1.6789
    9         1           1424            0.5        177.391        1.77391
    9         1           1502            0.5        187.738        1.87738
    9         1           1574            0.5        197.335        1.97335
    9         1           1652            0.5        207.792        2.07792
    9         1           1724            0.5         217.49         2.1749
    9         2            127            0.5        7.26536      0.0726536
    9         2            205            0.5        17.3994       0.173994
    9         2            289            0.5        27.4986       0.274986
    9         2            373            0.5        37.4262       0.374262
    9         2            457            0.5        47.3135       0.473135
    9         2            547            0.5         57.918        0.57918
    9         2            631            0.5        67.8498       0.678498
    9         2            715            0.5        77.8285       0.778285
    9         2            799            0.5        87.8627       0.878627
    9         2            883            0.5        97.9568       0.979568
    9         2            961            0.5        107.389        1.07389
    9         2           1045            0.5        117.611        1.17611
    9         2           1129            0.5        127.901        1.27901
    9         2           1207            0.5        137.522        1.37522
    9         2           1291            0.5        147.953        1.47953
    9         2           1369            0.5        157.702        1.57702
    9         2           1447            0.5        167.514        1.67514
    9         2           1525            0.5        177.394        1.77394
    9         2           1603            0.5        187.333        1.87333
    9         2           1681            0.5        197.335        1.97335
    9         2           1759            0.5        207.403        2.07403
    9         2           1837            0.5        217.531        2.17531
    9         3            116            0.5          6.356        0.06356
    9         3            171            0.5        14.5453       0.145453
    9         3            231            0.5        22.5443       0.225443
    9         3            296            0.5        30.8891       0.308891
    9         3            356            0.5        38.4559       0.384559
    9         3            421            0.5        46.5756       0.465756
    9         3            486            0.5        54.6532       0.546532
    9         3            551            0.5        62.7119       0.627119
    9         3            616            0.5        70.7669       0.707669
    9         3            681            0.5        78.8297       0.788297
    9         3            746            0.5        86.9083       0.869083
    9         3            806            0.5        94.3853       0.943853
    9         3            871            0.5        102.511        1.02511
    9         3            936            0.5        110.666        1.10666
    9         3           1001            0.5        118.857        1.18857
    9         3           1061            0.5        126.449        1.26449
    9         3           1126            0.5        134.712        1.34712
    9         3           1186            0.5        142.376        1.42376
    9         3           1251            0.5        150.717        1.50717
    9         3           1311            0.5        158.456        1.58456
    9         3           1376            0.5        166.882        1.66882
    9         3           1436            0.5        174.699        1.74699
    9         3           1496            0.5        182.554        1.82554
   10         0            107            0.5        4.20331      0.0420331
   10         0            179            0.5        13.5778       0.135778
   10         0            257            0.5        22.5327       0.225327
   10         0            341            0.5        31.8951       0.318951
   10         0            419            0.5        40.4536       0.404536
   10         0            503            0.5        49.5622       0.495622
   10         0            587            0.5         58.587        0.58587
   10         0            671            0.5         67.554        0.67554
   10         0            755            0.5         76.486        0.76486
   10         0            839            0.5         85.403        0.85403
   10         0            929            0.5        94.9585       0.949585
   10         0           1013            0.5        103.892        1.03892
   10         0           1097            0.5        112.853        1.12853
   10         0           1181            0.5         121.85         1.2185
   10         0           1265            0.5        130.888        1.30888
   10         0           1349            0.5        139.976        1.39976
   10         0           1427            0.5        148.462        1.48462
   10         0           1511            0.5        157.657        1.57657
   10         0           1595            0.5        166.913        1.66913
   10         0           1673            0.5        175.564        1.75564
   10         0           1757            0.5        184.944        1.84944
   10         0           1835            0.5        193.717        1.93717
   10         1            112            0.5        5.32909      0.0532909
   10         1            182            0.5        14.6094       0.146094
   10         1            257            0.5         23.566        0.23566
   10         1            337            0.5        32.8432       0.328432
   10         1            417            0.5        41.9991       0.419991
   10         1            492            0.5        50.5296       0.505296
   10         1            572            0.5        59.6021       0.596021
   10         1            652            0.5        68.6652       0.686652
   10         1            732            0.5        77.7326       0.777326
   10         1            812            0.5        86.8127       0.868127
   10         1            892            0.5         95.912        0.95912
   10         1            967            0.5        104.465        1.04465
   10         1           1047            0.5        113.615        1.13615
   10         1           1127            0.5        122.799        1.22799
   10         1           1202            0.5         131.44         1.3144
   10         1           1282            0.5        140.693        1.40693
   10         1           1362            0.5        149.986        1.49986
   10         1           1437            0.5        158.736        1.58736
   10         1           1512            0.5         167.52         1.6752
   10         1           1592            0.5        176.932        1.76932
   10         1           1667            0.5        185.796        1.85796
   10         2            131            0.5        4.69592      0.0469592
   10         2            203            0.5        13.5244       0.135244
   10         2            281            0.5         22.581        0.22581
   10         2            365            0.5        31.9532       0.319532
   10         2            443            0.5        40.4191       0.404191
   10         2            527            0.5         49.377        0.49377
   10         2            617            0.5         58.871        0.58871
   10         2            701            0.5        67.6891       0.676891
   10         2            785            0.5        76.5044       0.765044
   10         2            875            0.5        85.9752       0.859752
   10         2            959            0.5        94.8606       0.948606
   10         2           1043            0.5        103.805        1.03805
   10         2           1127            0.5        112.821        1.12821
   10         2           1211            0.5        121.916        1.21916
   10         2           1289            0.5        130.439        1.30439
   10         2           1373            0.5        139.705        1.39705
   10         2           1451            0.5        148.395        1.48395
   10         2           1535            0.5         157.85         1.5785
   10         2           1613            0.5         166.72         1.6672
   10         2           1691            0.5        175.675        1.75675
   10         2           1769            0.5        184.724        1.84724
   10         3            112            0.5        6.54487      0.0654487
   10         3            167            0.5        14.3296       0.143296
   10         3            227            0.5        22.4245       0.224245
   10         3            292            0.5        30.9019       0.309019
   10         3            352            0.5        38.5439       0.385439
   10         3            417            0.5        46.6855       0.466855
   10         3            482            0.5         54.728        0.54728
   10         3            547            0.5        62.7042       0.627042
   10         3            612            0.5         70.638        0.70638
   10         3            677            0.5        78.5472       0.785472
   10         3            742            0.5        86.4461       0.864461
   10         3            812            0.5        94.9552       0.949552
   10         3            877            0.5        102.868        1.02868
   10         3            942            0.5        110.798        1.10798
   10         3           1007            0.5        118.753        1.18753
   10         3           1072            0.5        126.736        1.26736
   10         3           1137            0.5        134.754        1.34754
   10         3           1202            0.5        142.806        1.42806
   10         3           1267            0.5        150.898        1.50898
   10         3           1327            0.5        158.406        1.58406
   10         3           1392            0.5        166.581        1.66581
   11         0            136            0.5        6.30954      0.0630954
   11         0            201            0.5        15.6503       0.156503
   11         0            271            0.5        24.8755       0.248755
   11         0            341            0.5        33.7691       0.337691
   11         0            411            0.5        42.5039       0.425039
   11         0            486            0.5        51.7881       0.517881
   11         0            556            0.5        60.4426       0.604426
   11         0            631            0.5        69.7474       0.697474
   11         0            701            0.5        78.4887       0.784887
   11         0            776            0.5         87.938        0.87938
   11         0            846            0.5        96.8502       0.968502
   11         0            916            0.5        105.861        1.05861
   11         0            986            0.5        114.978        1.14978
   11         0           1051            0.5        123.546        1.23546
   11         0           1121            0.5        132.885        1.32885
   11         0           1186            0.5        141.665        1.41665
   11         0           1251            0.5        150.548        1.50548
   11         0           1316            0.5        159.539        1.59539
   11         0           1381            0.5        168.636        1.68636
   11         0           1446            0.5        177.839        1.77839
   11         0           1506            0.5        186.432        1.86432
   11         1            120            0.5        6.74228      0.0674228
   11         1            180            0.5        15.5554       0.155554
   11         1            244            0.5        24.6422       0.246422
   11         1            312            0.5        33.9712       0.339712
   11         1            376            0.5        42.5177       0.425177
   11         1            448            0.5        51.9738       0.519738
   11         1            516            0.5        60.8488       0.608488
   11         1            584            0.5        69.7429       0.697429
   11         1            652            0.5        78.7057       0.787057
   11         1            720            0.5        87.7719       0.877719
   11         1            788            0.5        96.9608       0.969608
   11         1            852            0.5        105.734        1.05734
   11         1            916            0.5        114.636        1.14636
   11         1            980            0.5         123.67         1.2367
   11         1           1044            0.5         132.84         1.3284
   11         1           1104            0.5        141.557        1.41557
   11         1           1168            0.5        150.988        1.50988
   11         1           1228            0.5        159.953        1.59953
   11         1           1284            0.5        168.426        1.68426
   11         1           1344            0.5        177.615        1.77615
   11         1           1404            0.5         186.92         1.8692
   11         2            141            0.5         6.8479       0.068479
   11         2            196            0.5        13.5474       0.135474
   11         2            261            0.5        20.8615       0.208615
   11         2            326            0.5        27.9781       0.279781
   11         2            386            0.5        34.4638       0.344638
   11         2            456            0.5        41.9743       0.419743
   11         2            521            0.5        48.9158       0.489158
   11         2            586            0.5        55.8395       0.558395
   11         2            651            0.5        62.7542       0.627542
   11         2            716            0.5        69.6656       0.696656
   11         2            781            0.5        76.5788       0.765788
   11         2            846            0.5        83.4973       0.834973
   11         2            916            0.5        90.9574       0.909574
   11         2            981            0.5         97.896        0.97896
   11         2           1046            0.5        104.847        1.04847
   11         2           1111            0.5        111.815        1.11815
   11         2           1176            0.5        118.798        1.18798
   11         2           1241            0.5          125.8          1.258
   11         2           1306            0.5        132.821        1.32821
   11         2           1371            0.5        139.862        1.39862
   11         2           1436            0.5        146.922        1.46922
   11         2           1496            0.5         153.46         1.5346
   11         3            112            0.5        6.94138      0.0694138
   11         3            172            0.5         14.906        0.14906
   11         3            232            0.5        22.4297       0.224297
   11         3            302            0.5        30.9697       0.309697
   11         3            367            0.5         38.752        0.38752
   11         3            432            0.5        46.4335       0.464335
   11         3            502            0.5        54.6232       0.546232
   11         3            572            0.5        62.7489       0.627489
   11         3            642            0.5        70.8275       0.708275
   11         3            712            0.5        78.8733       0.788733
   11         3            782            0.5        86.8958       0.868958
   11         3            852            0.5        94.9048       0.949048
   11         3            922            0.5        102.907        1.02907
   11         3            992            0.5        110.908        1.10908
   11         3           1062            0.5        118.913        1.18913
   11         3           1132            0.5        126.927        1.26927
   11         3           1202            0.5        134.953        1.34953
   11         3           1272            0.5        142.995        1.42995
   11         3           1337            0.5        150.476        1.50476
   11         3           1407            0.5        158.555        1.58555
   11         3           1477            0.5        166.653        1.66653
