 *tel    numcsi   CsIInChannel     errCsIInChannel           CsIE       errCsIE
    0         0             92            0.5        12.1865       0.121865
    0         0            152            0.5        25.4348       0.254348
    0         0            224            0.5        38.6187       0.386187
    0         0            302            0.5        51.9637       0.519637
    0         0            380            0.5        64.9999       0.649999
    0         0            458            0.5        77.9047       0.779047
    0         0            536            0.5        90.7289       0.907289
    0         0            614            0.5         103.49         1.0349
    0         0            692            0.5        116.196        1.16196
    0         0            776            0.5        129.827        1.29827
    0         0            854            0.5         142.44         1.4244
    0         0            938            0.5        155.983        1.55983
    0         0           1016            0.5        168.527        1.68527
    0         0           1094            0.5        181.044        1.81044
    0         0           1178            0.5        194.499        1.94499
    0         0           1262            0.5        207.931        2.07931
    0         0           1340            0.5        220.388        2.20388
    0         0           1424            0.5        233.788        2.33788
    0         0           1502            0.5        246.219        2.46219
    0         0           1586            0.5        259.596        2.59596
    0         0           1670            0.5        272.962        2.72962
    0         1             76            0.5        12.0924       0.120924
    0         1            154            0.5        27.7051       0.277051
    0         1            232            0.5          42.49         0.4249
    0         1            316            0.5        57.8565       0.578565
    0         1            400            0.5        72.8157       0.728157
    0         1            484            0.5         87.475        0.87475
    0         1            574            0.5        102.932        1.02932
    0         1            658            0.5         117.18         1.1718
    0         1            748            0.5        132.299        1.32299
    0         1            838            0.5          147.3          1.473
    0         1            928            0.5         162.21         1.6221
    0         1           1018            0.5        177.048        1.77048
    0         1           1114            0.5        192.814        1.92814
    0         1           1204            0.5        207.549        2.07549
    0         1           1294            0.5        222.249        2.22249
    0         1           1390            0.5        237.898        2.37898
    0         1           1480            0.5        252.548        2.52548
    0         1           1570            0.5        267.179        2.67179
    0         1           1666            0.5        282.769        2.82769
    0         1           1756            0.5        297.372        2.97372
    0         1           1852            0.5        312.935        3.12935
    0         1           1942            0.5        327.516        3.27516
    0         2             93            0.5        12.9085       0.129085
    0         2            165            0.5        26.9764       0.269764
    0         2            243            0.5        41.2812       0.412812
    0         2            321            0.5        55.1368       0.551368
    0         2            405            0.5        69.7085       0.697085
    0         2            483            0.5         82.993        0.82993
    0         2            567            0.5        97.0902       0.970902
    0         2            651            0.5        111.013        1.11013
    0         2            741            0.5        125.773        1.25773
    0         2            825            0.5        139.427        1.39427
    0         2            915            0.5        153.948        1.53948
    0         2            999            0.5        167.416        1.67416
    0         2           1089            0.5        181.769        1.81769
    0         2           1173            0.5          195.1          1.951
    0         2           1263            0.5        209.326        2.09326
    0         2           1353            0.5        223.498        2.23498
    0         2           1443            0.5        237.622        2.37622
    0         2           1533            0.5        251.703        2.51703
    0         2           1623            0.5        265.746        2.65746
    0         2           1713            0.5        279.751        2.79751
    0         2           1803            0.5        293.725        2.93725
    0         2           1893            0.5        307.665        3.07665
    0         3             45            0.5        14.0951       0.140951
    0         3            117            0.5        28.5199       0.285199
    0         3            189            0.5        41.9491       0.419491
    0         3            267            0.5        56.0678       0.560678
    0         3            351            0.5        70.9383       0.709383
    0         3            429            0.5        84.5198       0.845198
    0         3            513            0.5        98.9618       0.989618
    0         3            591            0.5        112.239        1.12239
    0         3            675            0.5        126.425        1.26425
    0         3            759            0.5        140.519        1.40519
    0         3            843            0.5        154.539        1.54539
    0         3            927            0.5          168.5          1.685
    0         3           1011            0.5        182.411        1.82411
    0         3           1095            0.5        196.284        1.96284
    0         3           1179            0.5        210.124        2.10124
    0         3           1269            0.5        224.922        2.24922
    0         3           1353            0.5         238.71         2.3871
    0         3           1437            0.5        252.478        2.52478
    0         3           1521            0.5         266.23         2.6623
    0         3           1611            0.5        280.948        2.80948
    0         3           1695            0.5        294.668        2.94668
    1         0            106            0.5         10.829        0.10829
    1         0            183            0.5        27.6489       0.276489
    1         0            281            0.5        44.8969       0.448969
    1         0            379            0.5        61.0244       0.610244
    1         0            484            0.5        77.9312       0.779312
    1         0            596            0.5        95.7577       0.957577
    1         0            701            0.5        112.331        1.12331
    1         0            813            0.5        129.887        1.29887
    1         0            918            0.5        146.247        1.46247
    1         0           1030            0.5        163.609        1.63609
    1         0           1142            0.5        180.892        1.80892
    1         0           1247            0.5        197.036        1.97036
    1         0           1359            0.5        214.201        2.14201
    1         0           1471            0.5        231.316        2.31316
    1         0           1583            0.5         248.39         2.4839
    1         0           1695            0.5        265.429        2.65429
    1         0           1807            0.5        282.436        2.82436
    1         0           1919            0.5        299.413        2.99413
    1         0           2031            0.5        316.366        3.16366
    1         0           2143            0.5        333.293        3.33293
    1         0           2255            0.5        350.196        3.50196
    1         1             93            0.5        12.7401       0.127401
    1         1            189            0.5        30.0275       0.300275
    1         1            285            0.5        46.6546       0.466546
    1         1            389            0.5        64.2081       0.642081
    1         1            493            0.5        81.4197       0.814197
    1         1            597            0.5        98.3739       0.983739
    1         1            701            0.5        115.128        1.15128
    1         1            813            0.5        132.995        1.32995
    1         1            917            0.5        149.451        1.49451
    1         1           1021            0.5        165.802        1.65802
    1         1           1133            0.5        183.312        1.83312
    1         1           1245            0.5        200.734        2.00734
    1         1           1349            0.5        216.843        2.16843
    1         1           1461            0.5        234.128        2.34128
    1         1           1573            0.5         251.35         2.5135
    1         1           1685            0.5         268.52         2.6852
    1         1           1797            0.5        285.635        2.85635
    1         1           1909            0.5        302.705        3.02705
    1         1           2021            0.5        319.727        3.19727
    1         1           2133            0.5        336.707        3.36707
    1         1           2245            0.5         353.64         3.5364
    1         2             84            0.5        14.7005       0.147005
    1         2            162            0.5        29.3035       0.293035
    1         2            246            0.5        44.4456       0.444456
    1         2            330            0.5        59.1929       0.591929
    1         2            420            0.5        74.6772       0.746772
    1         2            510            0.5        89.9147       0.899147
    1         2            600            0.5        104.963        1.04963
    1         2            690            0.5        119.862        1.19862
    1         2            780            0.5        134.641        1.34641
    1         2            870            0.5        149.325        1.49325
    1         2            966            0.5        164.902        1.64902
    1         2           1056            0.5        179.439        1.79439
    1         2           1152            0.5        194.885        1.94885
    1         2           1242            0.5        209.319        2.09319
    1         2           1338            0.5        224.672        2.24672
    1         2           1434            0.5        239.988        2.39988
    1         2           1524            0.5        254.316        2.54316
    1         2           1620            0.5        269.569        2.69569
    1         2           1716            0.5        284.795        2.84795
    1         2           1812            0.5        299.996        2.99996
    1         2           1902            0.5        314.224        3.14224
    1         3            104            0.5        12.3534       0.123534
    1         3            176            0.5        27.7006       0.277006
    1         3            254            0.5        42.5973       0.425973
    1         3            338            0.5        57.9136       0.579136
    1         3            422            0.5        72.7811       0.727811
    1         3            506            0.5        87.3449       0.873449
    1         3            596            0.5        102.708        1.02708
    1         3            686            0.5        117.889        1.17889
    1         3            776            0.5        132.936        1.32936
    1         3            866            0.5        147.883        1.47883
    1         3            956            0.5        162.754        1.62754
    1         3           1046            0.5        177.569        1.77569
    1         3           1136            0.5        192.342        1.92342
    1         3           1226            0.5        207.082        2.07082
    1         3           1322            0.5        222.779        2.22779
    1         3           1412            0.5        237.477        2.37477
    1         3           1502            0.5        252.162        2.52162
    1         3           1598            0.5        267.815        2.67815
    1         3           1688            0.5        282.485        2.82485
    1         3           1778            0.5        297.149        2.97149
    1         3           1874            0.5        312.785        3.12785
    2         0             74            0.5        10.4877       0.104877
    2         0            140            0.5        24.9368       0.249368
    2         0            212            0.5        38.0203       0.380203
    2         0            296            0.5        52.5861       0.525861
    2         0            380            0.5        66.9007       0.669007
    2         0            458            0.5         80.032        0.80032
    2         0            542            0.5        94.0107       0.940107
    2         0            632            0.5        108.811        1.08811
    2         0            716            0.5        122.475        1.22475
    2         0            806            0.5        136.973        1.36973
    2         0            890            0.5        150.387        1.50387
    2         0            980            0.5        164.651        1.64651
    2         0           1070            0.5        178.817        1.78817
    2         0           1160            0.5        192.901        1.92901
    2         0           1250            0.5        206.913        2.06913
    2         0           1340            0.5        220.862        2.20862
    2         0           1430            0.5        234.758        2.34758
    2         0           1520            0.5        248.608        2.48608
    2         0           1610            0.5        262.417        2.62417
    2         0           1700            0.5        276.191        2.76191
    2         0           1796            0.5        290.847        2.90847
    2         1            102            0.5        9.06757      0.0906757
    2         1            157            0.5        23.2092       0.232092
    2         1            222            0.5         37.107        0.37107
    2         1            297            0.5        51.8383       0.518383
    2         1            372            0.5        65.9929       0.659929
    2         1            447            0.5        79.8562       0.798562
    2         1            522            0.5        93.5431       0.935431
    2         1            597            0.5        107.111        1.07111
    2         1            677            0.5        121.491        1.21491
    2         1            757            0.5        135.803        1.35803
    2         1            832            0.5        149.178        1.49178
    2         1            912            0.5        163.414        1.63414
    2         1            992            0.5         177.63         1.7763
    2         1           1072            0.5        191.834        1.91834
    2         1           1147            0.5        205.149        2.05149
    2         1           1227            0.5        219.352        2.19352
    2         1           1307            0.5        233.563        2.33563
    2         1           1387            0.5        247.785        2.47785
    2         1           1462            0.5        261.129        2.61129
    2         1           1542            0.5        275.377        2.75377
    2         1           1622            0.5        289.638        2.89638
    2         2             76            0.5        12.4054       0.124054
    2         2            131            0.5        23.1321       0.231321
    2         2            191            0.5        34.2643       0.342643
    2         2            256            0.5        45.8527       0.458527
    2         2            316            0.5        56.2215       0.562215
    2         2            381            0.5        67.1792       0.671792
    2         2            451            0.5        78.7284       0.787284
    2         2            516            0.5        89.2683       0.892683
    2         2            586            0.5        100.461        1.00461
    2         2            656            0.5        111.523        1.11523
    2         2            726            0.5        122.481        1.22481
    2         2            796            0.5        133.356        1.33356
    2         2            871            0.5        144.934        1.44934
    2         2            941            0.5        155.684        1.55684
    2         2           1011            0.5        166.394        1.66394
    2         2           1086            0.5        177.833        1.77833
    2         2           1156            0.5        188.482        1.88482
    2         2           1231            0.5        199.872        1.99872
    2         2           1301            0.5        210.487        2.10487
    2         2           1376            0.5         221.85         2.2185
    2         2           1446            0.5        232.449        2.32449
    2         3             99            0.5         8.9158       0.089158
    2         3            154            0.5        22.6199       0.226199
    2         3            219            0.5        35.5868       0.355868
    2         3            289            0.5        48.4788       0.484788
    2         3            364            0.5        61.8635       0.618635
    2         3            434            0.5        74.1456       0.741456
    2         3            509            0.5        87.1409       0.871409
    2         3            589            0.5        100.846        1.00846
    2         3            664            0.5        113.568        1.13568
    2         3            739            0.5        126.182        1.26182
    2         3            819            0.5        139.534        1.39534
    2         3            899            0.5        152.794        1.52794
    2         3            979            0.5        165.975        1.65975
    2         3           1054            0.5        178.271        1.78271
    2         3           1134            0.5         191.33         1.9133
    2         3           1214            0.5        204.339        2.04339
    2         3           1294            0.5        217.306        2.17306
    2         3           1374            0.5        230.235        2.30235
    2         3           1459            0.5        243.937        2.43937
    2         3           1539            0.5        256.806        2.56806
    2         3           1619            0.5        269.649        2.69649
    2         3           1699            0.5        282.475        2.82475
    3         0             76            0.5        10.7372       0.107372
    3         0            126            0.5        22.3518       0.223518
    3         0            186            0.5        33.7935       0.337935
    3         0            246            0.5        44.2735       0.442735
    3         0            311            0.5        55.1855       0.551855
    3         0            381            0.5        66.6734       0.666734
    3         0            451            0.5         77.986        0.77986
    3         0            516            0.5        88.3712       0.883712
    3         0            586            0.5        99.4489       0.994489
    3         0            656            0.5        110.432        1.10432
    3         0            726            0.5        121.333        1.21333
    3         0            801            0.5        132.935        1.32935
    3         0            871            0.5        143.699        1.43699
    3         0            941            0.5        154.411        1.54411
    3         0           1016            0.5        165.838        1.65838
    3         0           1086            0.5        176.461        1.76461
    3         0           1161            0.5        187.807        1.87807
    3         0           1231            0.5        198.367        1.98367
    3         0           1306            0.5        209.654        2.09654
    3         0           1381            0.5        220.916        2.20916
    3         0           1451            0.5        231.408        2.31408
    3         1            106            0.5        12.7144       0.127144
    3         1            146            0.5        21.2185       0.212185
    3         1            194            0.5        30.8555       0.308555
    3         1            238            0.5        39.2797       0.392797
    3         1            290            0.5         48.842        0.48842
    3         1            338            0.5        57.3679       0.573679
    3         1            390            0.5        66.3464       0.663464
    3         1            446            0.5        75.7776       0.757776
    3         1            498            0.5        84.3606       0.843606
    3         1            554            0.5        93.4561       0.934561
    3         1            610            0.5        102.431        1.02431
    3         1            670            0.5        111.943        1.11943
    3         1            726            0.5        120.747        1.20747
    3         1            782            0.5        129.497        1.29497
    3         1            842            0.5        138.828        1.38828
    3         1            898            0.5        147.507        1.47507
    3         1            958            0.5        156.785        1.56785
    3         1           1014            0.5        165.432        1.65432
    3         1           1074            0.5        174.692        1.74692
    3         1           1134            0.5        183.951        1.83951
    3         1           1190            0.5        192.597        1.92597
    3         1           1250            0.5         201.87         2.0187
    3         2            100            0.5        14.9188       0.149188
    3         2            133            0.5        24.4307       0.244307
    3         2            172            0.5        34.9268       0.349268
    3         2            211            0.5        44.8635       0.448635
    3         2            250            0.5        54.3975       0.543975
    3         2            292            0.5        64.3327       0.643327
    3         2            337            0.5        74.6928       0.746928
    3         2            382            0.5        84.8345       0.848345
    3         2            427            0.5        94.8134       0.948134
    3         2            472            0.5        104.672        1.04672
    3         2            517            0.5        114.442        1.14442
    3         2            565            0.5        124.792        1.24792
    3         2            610            0.5        134.449        1.34449
    3         2            658            0.5        144.719        1.44719
    3         2            706            0.5         154.97         1.5497
    3         2            751            0.5        164.574        1.64574
    3         2            799            0.5        174.819        1.74819
    3         2            844            0.5        184.433        1.84433
    3         2            892            0.5        194.702        1.94702
    3         2            940            0.5         204.99         2.0499
    3         2            985            0.5        214.657        2.14657
    3         3             76            0.5        9.39416      0.0939416
    3         3            126            0.5        20.9973       0.209973
    3         3            181            0.5        31.7155       0.317155
    3         3            241            0.5        42.5146       0.425146
    3         3            306            0.5        53.6576       0.536576
    3         3            371            0.5        64.4184       0.644184
    3         3            441            0.5        75.6934       0.756934
    3         3            511            0.5         86.718        0.86718
    3         3            581            0.5        97.5462       0.975462
    3         3            656            0.5        108.976        1.08976
    3         3            726            0.5        119.516        1.19516
    3         3            801            0.5        130.701        1.30701
    3         3            876            0.5        141.799        1.41799
    3         3            951            0.5        152.829        1.52829
    3         3           1026            0.5        163.807        1.63807
    3         3           1101            0.5        174.747        1.74747
    3         3           1176            0.5        185.657        1.85657
    3         3           1251            0.5        196.548        1.96548
    3         3           1326            0.5        207.426        2.07426
    3         3           1401            0.5        218.298        2.18298
    3         3           1481            0.5        229.892        2.29892
    4         0            106            0.5        6.76896      0.0676896
    4         0            161            0.5        18.8678       0.188678
    4         0            221            0.5        29.2851       0.292851
    4         0            296            0.5        40.9137       0.409137
    4         0            371            0.5        51.8772       0.518772
    4         0            446            0.5        62.4733       0.624733
    4         0            526            0.5        73.4962       0.734962
    4         0            611            0.5        84.9647       0.849647
    4         0            691            0.5        95.5723       0.955723
    4         0            776            0.5        106.679        1.06679
    4         0            861            0.5        117.646        1.17646
    4         0            946            0.5        128.493        1.28493
    4         0           1036            0.5        139.871        1.39871
    4         0           1121            0.5        150.531        1.50531
    4         0           1211            0.5        161.743        1.61743
    4         0           1301            0.5        172.889        1.72889
    4         0           1391            0.5        183.981        1.83981
    4         0           1476            0.5        194.416        1.94416
    4         0           1566            0.5        205.428        2.05428
    4         0           1656            0.5        216.409        2.16409
    4         1             78            0.5        8.30273      0.0830273
    4         1            132            0.5        19.4944       0.194944
    4         1            198            0.5        30.6322       0.306322
    4         1            270            0.5        41.2878       0.412878
    4         1            354            0.5        52.8096       0.528096
    4         1            438            0.5        63.8662       0.638662
    4         1            522            0.5        74.6841       0.746841
    4         1            606            0.5        85.3639       0.853639
    4         1            696            0.5        96.7068       0.967068
    4         1            786            0.5        107.977        1.07977
    4         1            870            0.5        118.446        1.18446
    4         1            960            0.5        129.621        1.29621
    4         1           1050            0.5        140.762        1.40762
    4         1           1140            0.5        151.874        1.51874
    4         1           1230            0.5        162.962        1.62962
    4         1           1314            0.5        173.296        1.73296
    4         1           1404            0.5        184.351        1.84351
    4         1           1494            0.5        195.395        1.95395
    4         1           1584            0.5        206.429        2.06429
    4         1           1674            0.5        217.455        2.17455
    4         1           1764            0.5        228.473        2.28473
    4         2            104            0.5        7.99734      0.0799734
    4         2            158            0.5        19.5423       0.195423
    4         2            218            0.5        30.3214       0.303214
    4         2            290            0.5        41.9532       0.419532
    4         2            362            0.5        52.8544       0.528544
    4         2            434            0.5        63.3436       0.633436
    4         2            512            0.5        74.4147       0.744147
    4         2            590            0.5        85.2781       0.852781
    4         2            674            0.5        96.8099       0.968099
    4         2            752            0.5        107.399        1.07399
    4         2            836            0.5        118.705        1.18705
    4         2            920            0.5        129.927        1.29927
    4         2            998            0.5        140.289        1.40289
    4         2           1082            0.5        151.394        1.51394
    4         2           1166            0.5        162.456        1.62456
    4         2           1250            0.5        173.481        1.73481
    4         2           1334            0.5        184.476        1.84476
    4         2           1418            0.5        195.446        1.95446
    4         2           1502            0.5        206.398        2.06398
    4         2           1586            0.5        217.333        2.17333
    4         2           1670            0.5        228.258        2.28258
    4         3             98            0.5        7.85505      0.0785505
    4         3            148            0.5        18.9219       0.189219
    4         3            198            0.5        28.1951       0.281951
    4         3            258            0.5        38.2575       0.382575
    4         3            323            0.5        48.4777       0.484777
    4         3            388            0.5        58.2884       0.582884
    4         3            458            0.5        68.5544       0.685544
    4         3            528            0.5        78.5963       0.785963
    4         3            598            0.5        88.4653       0.884653
    4         3            673            0.5        98.8859       0.988859
    4         3            743            0.5        108.493        1.08493
    4         3            818            0.5         118.68         1.1868
    4         3            893            0.5        128.775        1.28775
    4         3            968            0.5        138.791        1.38791
    4         3           1043            0.5        148.741        1.48741
    4         3           1118            0.5        158.632        1.58632
    4         3           1193            0.5        168.475        1.68475
    4         3           1273            0.5        178.928        1.78928
    4         3           1348            0.5         188.69         1.8869
    4         3           1423            0.5        198.422        1.98422
    4         3           1503            0.5        208.774        2.08774
    5         0             94            0.5        10.7424       0.107424
    5         0            144            0.5        20.6237       0.206237
    5         0            204            0.5          30.59         0.3059
    5         0            269            0.5        40.3345       0.403345
    5         0            344            0.5        50.9643       0.509643
    5         0            414            0.5        60.5979       0.605979
    5         0            489            0.5        70.7528       0.707528
    5         0            564            0.5        80.7993       0.807993
    5         0            639            0.5        90.7686       0.907686
    5         0            714            0.5        100.678        1.00678
    5         0            789            0.5        110.537        1.10537
    5         0            864            0.5        120.354        1.20354
    5         0            944            0.5        130.785        1.30785
    5         0           1019            0.5        140.531        1.40531
    5         0           1099            0.5        150.897        1.50897
    5         0           1174            0.5         160.59         1.6059
    5         0           1254            0.5        170.906        1.70906
    5         0           1329            0.5        180.559        1.80559
    5         0           1409            0.5        190.838        1.90838
    5         0           1484            0.5        200.461        2.00461
    5         0           1564            0.5        210.713        2.10713
    5         0           1644            0.5        220.952        2.20952
    5         1             86            0.5        6.79727      0.0679727
    5         1            149            0.5        18.4342       0.184342
    5         1            226            0.5        29.5464       0.295464
    5         1            317            0.5        40.9394       0.409394
    5         1            408            0.5        51.5975       0.515975
    5         1            506            0.5        62.7383       0.627383
    5         1            604            0.5          73.71         0.7371
    5         1            702            0.5        84.5821       0.845821
    5         1            800            0.5        95.3835       0.953835
    5         1            905            0.5        106.894        1.06894
    5         1           1003            0.5        117.589        1.17589
    5         1           1101            0.5        128.244        1.28244
    5         1           1206            0.5        139.622        1.39622
    5         1           1311            0.5        150.967        1.50967
    5         1           1409            0.5         161.53         1.6153
    5         1           1514            0.5        172.825        1.72825
    5         1           1612            0.5        183.348        1.83348
    5         1           1717            0.5        194.609        1.94609
    5         1           1822            0.5        205.856        2.05856
    5         1           1920            0.5        216.343        2.16343
    5         1           2025            0.5        227.572        2.27572
    5         2             91            0.5        11.7424       0.117424
    5         2            151            0.5        20.4218       0.204218
    5         2            217            0.5        29.5482       0.295482
    5         2            283            0.5        38.3125       0.383125
    5         2            355            0.5        47.5194       0.475194
    5         2            427            0.5        56.4119       0.564119
    5         2            505            0.5        65.7516       0.657516
    5         2            583            0.5        74.8437       0.748437
    5         2            661            0.5        83.7392       0.837392
    5         2            739            0.5        92.4805       0.924805
    5         2            823            0.5        101.762        1.01762
    5         2            907            0.5        110.939        1.10939
    5         2            985            0.5        119.392        1.19392
    5         2           1069            0.5         128.44         1.2844
    5         2           1153            0.5        137.449        1.37449
    5         2           1237            0.5        146.431        1.46431
    5         2           1321            0.5        155.397        1.55397
    5         2           1411            0.5        164.995        1.64995
    5         2           1495            0.5        173.951        1.73951
    5         2           1579            0.5         182.91         1.8291
    5         2           1663            0.5        191.877        1.91877
    5         3             99            0.5        8.09824      0.0809824
    5         3            171            0.5        17.0589       0.170589
    5         3            270            0.5        26.7974       0.267974
    5         3            369            0.5        35.4928       0.354928
    5         3            477            0.5        44.4556       0.444556
    5         3            594            0.5        53.7961       0.537961
    5         3            711            0.5        62.8584       0.628584
    5         3            828            0.5         71.699        0.71699
    5         3            945            0.5        80.3545       0.803545
    5         3           1071            0.5        89.5011       0.895011
    5         3           1197            0.5        98.4945       0.984945
    5         3           1332            0.5        107.986        1.07986
    5         3           1458            0.5        116.732        1.16732
    5         3           1584            0.5        125.385        1.25385
    5         3           1719            0.5        134.569        1.34569
    5         3           1854            0.5        143.677        1.43677
    5         3           1989            0.5        152.721        1.52721
    5         3           2124            0.5        161.711        1.61711
    5         3           2259            0.5        170.656        1.70656
    5         3           2394            0.5        179.565        1.79565
    5         3           2529            0.5        188.442        1.88442
    6         0             75            0.5        10.9305       0.109305
    6         0            120            0.5        21.1766       0.211766
    6         0            180            0.5        32.3629       0.323629
    6         0            250            0.5        43.9471       0.439471
    6         0            320            0.5        54.7722       0.547722
    6         0            395            0.5        65.8791       0.658791
    6         0            470            0.5        76.6414       0.766414
    6         0            550            0.5        87.8423       0.878423
    6         0            630            0.5        98.8222       0.988222
    6         0            710            0.5        109.629        1.09629
    6         0            795            0.5        120.961        1.20961
    6         0            875            0.5        131.513        1.31513
    6         0            960            0.5        142.628        1.42628
    6         0           1045            0.5        153.663        1.53663
    6         0           1130            0.5        164.636        1.64636
    6         0           1215            0.5         175.56         1.7556
    6         0           1300            0.5        186.446        1.86446
    6         0           1390            0.5        197.941        1.97941
    6         0           1475            0.5        208.775        2.08775
    6         0           1560            0.5        219.594        2.19594
    6         1             77            0.5        9.81475      0.0981475
    6         1            137            0.5        21.7628       0.217628
    6         1            203            0.5        32.6418       0.326418
    6         1            275            0.5        43.6082       0.436082
    6         1            347            0.5        54.1578       0.541578
    6         1            425            0.5        65.3096       0.653096
    6         1            503            0.5        76.2532       0.762532
    6         1            587            0.5         87.855        0.87855
    6         1            665            0.5        98.4866       0.984866
    6         1            749            0.5        109.809        1.09809
    6         1            827            0.5        120.224        1.20224
    6         1            911            0.5         131.35         1.3135
    6         1            995            0.5        142.399        1.42399
    6         1           1079            0.5        153.384        1.53384
    6         1           1163            0.5        164.315        1.64315
    6         1           1253            0.5         175.98         1.7598
    6         1           1337            0.5         186.83         1.8683
    6         1           1421            0.5        197.652        1.97652
    6         1           1505            0.5        208.451        2.08451
    6         1           1589            0.5        219.234        2.19234
    6         1           1679            0.5         230.77         2.3077
    6         2             86            0.5        10.9115       0.109115
    6         2            131            0.5        19.8746       0.198746
    6         2            181            0.5        28.9917       0.289917
    6         2            231            0.5        37.2978       0.372978
    6         2            291            0.5        46.5032       0.465032
    6         2            356            0.5        55.8269       0.558269
    6         2            421            0.5        64.6857       0.646857
    6         2            491            0.5        73.8644       0.738644
    6         2            561            0.5        82.7795       0.827795
    6         2            631            0.5         91.509        0.91509
    6         2            706            0.5        100.719        1.00719
    6         2            781            0.5         109.83         1.0983
    6         2            856            0.5        118.877        1.18877
    6         2            931            0.5         127.89         1.2789
    6         2           1006            0.5        136.888        1.36888
    6         2           1081            0.5        145.888        1.45888
    6         2           1156            0.5        154.904        1.54904
    6         2           1231            0.5        163.945        1.63945
    6         2           1301            0.5        172.415        1.72415
    6         2           1376            0.5        181.528        1.81528
    6         3             92            0.5        10.8129       0.108129
    6         3            132            0.5        19.9029       0.199029
    6         3            177            0.5        28.3631       0.283631
    6         3            232            0.5        37.4726       0.374726
    6         3            292            0.5        46.6668       0.466668
    6         3            352            0.5        55.4754       0.554754
    6         3            417            0.5        64.7802       0.647802
    6         3            482            0.5        73.9301       0.739301
    6         3            547            0.5        82.9705       0.829705
    6         3            612            0.5        91.9259       0.919259
    6         3            677            0.5        100.811        1.00811
    6         3            742            0.5        109.636        1.09636
    6         3            807            0.5        118.409        1.18409
    6         3            877            0.5        127.805        1.27805
    6         3            942            0.5        136.487        1.36487
    6         3           1012            0.5        145.799        1.45799
    6         3           1077            0.5        154.412        1.54412
    6         3           1147            0.5        163.657        1.63657
    6         3           1217            0.5        172.873        1.72873
    6         3           1282            0.5        181.409        1.81409
    6         3           1352            0.5        190.582        1.90582
    6         3           1422            0.5        199.734        1.99734
    7         0             97            0.5        10.2619       0.102619
    7         0            142            0.5        19.3906       0.193906
    7         0            197            0.5        28.8229       0.288229
    7         0            252            0.5        37.6035       0.376035
    7         0            312            0.5        46.7438       0.467438
    7         0            372            0.5        55.5617       0.555617
    7         0            437            0.5        64.8407       0.648407
    7         0            502            0.5        73.8974       0.738974
    7         0            567            0.5        82.7773       0.827773
    7         0            632            0.5         91.513        0.91513
    7         0            702            0.5        100.789        1.00789
    7         0            772            0.5        109.953        1.09953
    7         0            837            0.5        118.378        1.18378
    7         0            907            0.5        127.375        1.27375
    7         0            982            0.5        136.944        1.36944
    7         0           1052            0.5        145.818        1.45818
    7         0           1122            0.5        154.647        1.54647
    7         0           1192            0.5        163.438        1.63438
    7         0           1267            0.5        172.822        1.72822
    7         0           1337            0.5        181.552        1.81552
    7         0           1412            0.5        190.882        1.90882
    7         1             95            0.5        9.56246      0.0956246
    7         1            140            0.5        18.8326       0.188326
    7         1            190            0.5        27.5146       0.275146
    7         1            250            0.5        36.7602       0.367602
    7         1            315            0.5        45.9956       0.459956
    7         1            380            0.5        54.7747       0.547747
    7         1            450            0.5        63.9219       0.639219
    7         1            520            0.5        72.8611       0.728611
    7         1            590            0.5         81.655        0.81655
    7         1            665            0.5        90.9584       0.909584
    7         1            735            0.5        99.5561       0.995561
    7         1            810            0.5        108.696        1.08696
    7         1            885            0.5        117.776        1.17776
    7         1            960            0.5        126.806        1.26806
    7         1           1035            0.5        135.797        1.35797
    7         1           1110            0.5        144.756        1.44756
    7         1           1185            0.5        153.687        1.53687
    7         1           1260            0.5        162.597        1.62597
    7         1           1335            0.5         171.49         1.7149
    7         1           1415            0.5         180.96         1.8096
    7         2            110            0.5        8.83389      0.0883389
    7         2            142            0.5        15.7951       0.157951
    7         2            178            0.5         22.565        0.22565
    7         2            218            0.5        29.3697       0.293697
    7         2            266            0.5        36.9427       0.369427
    7         2            310            0.5        43.5152       0.435152
    7         2            362            0.5         50.966        0.50966
    7         2            410            0.5        57.6157       0.576157
    7         2            462            0.5        64.6271       0.646271
    7         2            518            0.5        71.9986       0.719986
    7         2            570            0.5        78.7066       0.787066
    7         2            626            0.5        85.8082       0.858082
    7         2            682            0.5        92.8024       0.928024
    7         2            738            0.5        99.7054       0.997054
    7         2            794            0.5        106.531        1.06531
    7         2            854            0.5         113.77         1.1377
    7         2            914            0.5        120.944        1.20944
    7         2            970            0.5        127.589        1.27589
    7         2           1030            0.5        134.663        1.34663
    7         2           1090            0.5        141.695        1.41695
    7         2           1150            0.5        148.692        1.48692
    7         2           1210            0.5        155.658        1.55658
    7         3             82            0.5        10.9398       0.109398
    7         3            130            0.5        19.8666       0.198666
    7         3            186            0.5        28.8529       0.288529
    7         3            246            0.5        37.9789       0.379789
    7         3            306            0.5        46.8232       0.468232
    7         3            366            0.5         55.477        0.55477
    7         3            430            0.5        64.5507       0.645507
    7         3            494            0.5        73.4965       0.734965
    7         3            562            0.5        82.8883       0.828883
    7         3            626            0.5        91.6389       0.916389
    7         3            694            0.5        100.858        1.00858
    7         3            758            0.5         109.47         1.0947
    7         3            826            0.5        118.564        1.18564
    7         3            894            0.5        127.604        1.27604
    7         3            962            0.5        136.599        1.36599
    7         3           1030            0.5        145.555        1.45555
    7         3           1102            0.5        154.998        1.54998
    7         3           1170            0.5        163.884        1.63884
    7         3           1238            0.5        172.742        1.72742
    7         3           1306            0.5        181.576        1.81576
    7         3           1378            0.5        190.904        1.90904
    8         0            103            0.5        8.42591      0.0842591
    8         0            143            0.5        16.6618       0.166618
    8         0            187            0.5        24.4493       0.244493
    8         0            239            0.5        32.7496       0.327496
    8         0            291            0.5        40.4618       0.404618
    8         0            351            0.5        48.8848       0.488848
    8         0            411            0.5        56.9501       0.569501
    8         0            471            0.5        64.7518       0.647518
    8         0            535            0.5        72.8505       0.728505
    8         0            599            0.5        80.7683       0.807683
    8         0            663            0.5        88.5418       0.885418
    8         0            731            0.5        96.6731       0.966731
    8         0            799            0.5        104.698        1.04698
    8         0            867            0.5        112.636        1.12636
    8         0            939            0.5        120.964        1.20964
    8         0           1007            0.5         128.77         1.2877
    8         0           1079            0.5        136.987        1.36987
    8         0           1147            0.5        144.709        1.44709
    8         0           1219            0.5        152.853        1.52853
    8         0           1291            0.5        160.973        1.60973
    8         1            131            0.5        9.97567      0.0997567
    8         1            171            0.5        16.8684       0.168684
    8         1            215            0.5        23.9314       0.239314
    8         1            259            0.5        30.5741       0.305741
    8         1            311            0.5        37.9853       0.379853
    8         1            359            0.5        44.4803       0.444803
    8         1            415            0.5        51.7173       0.517173
    8         1            471            0.5        58.6587       0.586587
    8         1            531            0.5        65.8358       0.658358
    8         1            591            0.5        72.8004       0.728004
    8         1            651            0.5        79.5994       0.795994
    8         1            715            0.5         86.709        0.86709
    8         1            779            0.5        93.7057       0.937057
    8         1            843            0.5        100.617        1.00617
    8         1            911            0.5        107.889        1.07889
    8         1            975            0.5        114.685        1.14685
    8         1           1043            0.5         121.87         1.2187
    8         1           1107            0.5        128.608        1.28608
    8         1           1175            0.5        135.752        1.35752
    8         1           1243            0.5        142.889        1.42889
    8         1           1307            0.5        149.606        1.49606
    8         1           1375            0.5        156.745        1.56745
    8         1           1443            0.5        163.893        1.63893
    8         2            110            0.5        8.76071      0.0876071
    8         2            150            0.5        17.4886       0.174886
    8         2            200            0.5        26.3902       0.263902
    8         2            260            0.5        35.8714       0.358714
    8         2            320            0.5        44.7433       0.447433
    8         2            385            0.5        53.9653       0.539653
    8         2            450            0.5        62.9087       0.629087
    8         2            515            0.5        71.6363       0.716363
    8         2            585            0.5        80.8363       0.808363
    8         2            655            0.5        89.8617       0.898617
    8         2            725            0.5        98.7372       0.987372
    8         2            795            0.5        107.483        1.07483
    8         2            870            0.5        116.728        1.16728
    8         2            945            0.5        125.861        1.25861
    8         2           1020            0.5        134.897        1.34897
    8         2           1095            0.5        143.848        1.43848
    8         2           1170            0.5        152.725        1.52725
    8         2           1245            0.5        161.537        1.61537
    8         2           1325            0.5        170.876        1.70876
    8         2           1400            0.5        179.579        1.79579
    8         3            111            0.5        11.4422       0.114422
    8         3            141            0.5        17.5884       0.175884
    8         3            174            0.5        23.5441       0.235441
    8         3            210            0.5        29.6734       0.296734
    8         3            246            0.5        35.5798       0.355798
    8         3            285            0.5        41.8042       0.418042
    8         3            324            0.5        47.8904       0.478904
    8         3            363            0.5        53.8654       0.538654
    8         3            402            0.5        59.7475       0.597475
    8         3            444            0.5        65.9939       0.659939
    8         3            483            0.5        71.7227       0.717227
    8         3            525            0.5        77.8251       0.778251
    8         3            567            0.5        83.8659       0.838659
    8         3            609            0.5        89.8523       0.898523
    8         3            651            0.5        95.7899       0.957899
    8         3            693            0.5        101.683        1.01683
    8         3            738            0.5        107.954        1.07954
    8         3            780            0.5         113.77         1.1377
    8         3            825            0.5        119.965        1.19965
    8         3            867            0.5        125.717        1.25717
    8         3            912            0.5        131.849        1.31849
    8         3            957            0.5        137.953        1.37953
    9         0            113            0.5        9.90876      0.0990876
    9         0            145            0.5        16.3241       0.163241
    9         0            189            0.5        23.7148       0.237148
    9         0            233            0.5         30.548        0.30548
    9         0            281            0.5        37.6725       0.376725
    9         0            329            0.5        44.5699       0.445699
    9         0            381            0.5        51.8544       0.518544
    9         0            433            0.5        58.9856       0.589856
    9         0            485            0.5         65.992        0.65992
    9         0            537            0.5        72.8933       0.728933
    9         0            589            0.5        79.7045       0.797045
    9         0            645            0.5        86.9523       0.869523
    9         0            697            0.5        93.6112       0.936112
    9         0            753            0.5        100.714        1.00714
    9         0            809            0.5        107.755        1.07755
    9         0            865            0.5         114.74         1.1474
    9         0            921            0.5        121.674        1.21674
    9         0            977            0.5        128.563        1.28563
    9         0           1037            0.5        135.899        1.35899
    9         0           1093            0.5        142.706        1.42706
    9         0           1153            0.5        149.963        1.49963
    9         0           1209            0.5        156.703        1.56703
    9         1            100            0.5         11.462        0.11462
    9         1            144            0.5        19.6812       0.196812
    9         1            196            0.5        27.9807       0.279807
    9         1            248            0.5        35.7781       0.357781
    9         1            304            0.5        43.8809       0.438809
    9         1            360            0.5        51.7847       0.517847
    9         1            416            0.5        59.5435       0.595435
    9         1            476            0.5        67.7318       0.677318
    9         1            536            0.5        75.8153       0.758153
    9         1            596            0.5        83.8118       0.838118
    9         1            656            0.5        91.7337       0.917337
    9         1            716            0.5        99.5914       0.995914
    9         1            780            0.5         107.91         1.0791
    9         1            840            0.5        115.657        1.15657
    9         1            904            0.5        123.871        1.23871
    9         1            964            0.5         131.53         1.3153
    9         1           1028            0.5        139.659        1.39659
    9         1           1092            0.5        147.749        1.47749
    9         1           1156            0.5        155.804        1.55804
    9         1           1220            0.5        163.827        1.63827
    9         1           1284            0.5         171.82         1.7182
    9         2            127            0.5         12.905        0.12905
    9         2            175            0.5        20.9526       0.209526
    9         2            227            0.5        28.5597       0.285597
    9         2            287            0.5        36.8488       0.368488
    9         2            347            0.5         44.863        0.44863
    9         2            407            0.5        52.7024       0.527024
    9         2            471            0.5        60.9268       0.609268
    9         2            531            0.5        68.5383       0.685383
    9         2            595            0.5        76.5738       0.765738
    9         2            659            0.5        84.5378       0.845378
    9         2            727            0.5        92.9349       0.929349
    9         2            791            0.5        100.786        1.00786
    9         2            855            0.5        108.594        1.08594
    9         2            923            0.5        116.848        1.16848
    9         2            987            0.5        124.583        1.24583
    9         2           1055            0.5        132.769        1.32769
    9         2           1123            0.5        140.926        1.40926
    9         2           1187            0.5        148.579        1.48579
    9         2           1255            0.5        156.686        1.56686
    9         2           1323            0.5        164.773        1.64773
    9         2           1391            0.5         172.84         1.7284
    9         3            112            0.5        9.55948      0.0955948
    9         3            145            0.5        16.4766       0.164766
    9         3            187            0.5        23.7232       0.237232
    9         3            232            0.5        30.8284       0.308284
    9         3            277            0.5        37.5818       0.375818
    9         3            328            0.5        44.9649       0.449649
    9         3            376            0.5        51.7252       0.517252
    9         3            427            0.5        58.7549       0.587549
    9         3            478            0.5        65.6581       0.656581
    9         3            532            0.5        72.8542       0.728542
    9         3            586            0.5        79.9528       0.799528
    9         3            640            0.5        86.9683       0.869683
    9         3            694            0.5        93.9124       0.939124
    9         3            748            0.5        100.794        1.00794
    9         3            802            0.5        107.622        1.07622
    9         3            859            0.5        114.777        1.14777
    9         3            916            0.5        121.884        1.21884
    9         3            973            0.5        128.949        1.28949
    9         3           1030            0.5        135.977        1.35977
    9         3           1087            0.5        142.971        1.42971
    9         3           1144            0.5        149.935        1.49935
   10         0            103            0.5        6.34911      0.0634911
   10         0            135            0.5        12.8936       0.128936
   10         0            171            0.5        18.9819       0.189819
   10         0            211            0.5        24.9965       0.249965
   10         0            251            0.5        30.5967       0.305967
   10         0            295            0.5        36.4783       0.364783
   10         0            343            0.5        42.6767       0.426767
   10         0            391            0.5        48.7097       0.487097
   10         0            439            0.5        54.6106       0.546106
   10         0            491            0.5         60.878        0.60878
   10         0            539            0.5        66.5616       0.665616
   10         0            591            0.5        72.6213       0.726213
   10         0            643            0.5        78.5893       0.785893
   10         0            699            0.5        84.9243       0.849243
   10         0            751            0.5        90.7291       0.907291
   10         0            807            0.5        96.9052       0.969052
   10         0            859            0.5        102.577        1.02577
   10         0            915            0.5        108.622        1.08622
   10         0            971            0.5        114.609        1.14609
   10         0           1031            0.5        120.964        1.20964
   10         0           1087            0.5        126.846        1.26846
   10         0           1143            0.5        132.685        1.32685
   10         1            110            0.5        9.28642      0.0928642
   10         1            150            0.5        16.5319       0.165319
   10         1            198            0.5        23.7767       0.237767
   10         1            246            0.5        30.5135       0.305135
   10         1            298            0.5        37.5181       0.375181
   10         1            354            0.5         44.844        0.44844
   10         1            406            0.5        51.5018       0.515018
   10         1            462            0.5        58.5518       0.585518
   10         1            522            0.5        65.9938       0.659938
   10         1            578            0.5        72.8531       0.728531
   10         1            634            0.5         79.641        0.79641
   10         1            694            0.5        86.8453       0.868453
   10         1            754            0.5        93.9871       0.939871
   10         1            810            0.5        100.603        1.00603
   10         1            870            0.5        107.643        1.07643
   10         1            930            0.5        114.638        1.14638
   10         1            990            0.5        121.593        1.21593
   10         1           1054            0.5         128.97         1.2897
   10         1           1114            0.5        135.851        1.35851
   10         1           1174            0.5        142.701        1.42701
   10         1           1238            0.5        149.975        1.49975
   10         2            125            0.5        7.28439      0.0728439
   10         2            169            0.5        14.6961       0.146961
   10         2            213            0.5        21.4522       0.214522
   10         2            265            0.5        28.9485       0.289485
   10         2            313            0.5        35.5144       0.355144
   10         2            369            0.5        42.8337       0.428337
   10         2            425            0.5        49.8564       0.498564
   10         2            481            0.5        56.6377       0.566377
   10         2            541            0.5        63.6847       0.636847
   10         2            605            0.5        70.9974       0.709974
   10         2            665            0.5        77.6956       0.776956
   10         2            729            0.5        84.7027       0.847027
   10         2            793            0.5        91.5916       0.915916
   10         2            861            0.5        98.8047       0.988047
   10         2            929            0.5        105.927        1.05927
   10         2            997            0.5        112.975        1.12975
   10         2           1065            0.5        119.963        1.19963
   10         2           1133            0.5        126.901        1.26901
   10         2           1201            0.5        133.798        1.33798
   10         2           1269            0.5        140.663        1.40663
   10         2           1341            0.5        147.904        1.47904
   10         3            113            0.5        11.9292       0.119292
   10         3            153            0.5        18.8274       0.188274
   10         3            193            0.5        25.3901       0.253901
   10         3            241            0.5        32.9308       0.329308
   10         3            285            0.5        39.5856       0.395856
   10         3            333            0.5        46.6147       0.466147
   10         3            381            0.5        53.4425       0.534425
   10         3            433            0.5        60.6477       0.606477
   10         3            485            0.5        67.6842       0.676842
   10         3            537            0.5        74.5763       0.745763
   10         3            593            0.5        81.8607       0.818607
   10         3            645            0.5        88.5139       0.885139
   10         3            701            0.5        95.5752       0.955752
   10         3            757            0.5        102.543        1.02543
   10         3            817            0.5        109.919        1.09919
   10         3            873            0.5        116.729        1.16729
   10         3            933            0.5        123.957        1.23957
   10         3            989            0.5        130.646        1.30646
   10         3           1049            0.5         137.76         1.3776
   10         3           1109            0.5        144.825        1.44825
   11         0            138            0.5        10.7804       0.107804
   11         0            168            0.5        16.9123       0.169123
   11         0            201            0.5        22.9777       0.229777
   11         0            234            0.5        28.6166       0.286166
   11         0            273            0.5        34.9105       0.349105
   11         0            312            0.5        40.9117       0.409117
   11         0            351            0.5        46.6896       0.466896
   11         0            393            0.5        52.7137       0.527137
   11         0            438            0.5        58.9848       0.589848
   11         0            480            0.5        64.6977       0.646977
   11         0            525            0.5        70.6945       0.706945
   11         0            573            0.5        76.9737       0.769737
   11         0            618            0.5        82.7688       0.827688
   11         0            666            0.5        88.8681       0.888681
   11         0            714            0.5        94.8972       0.948972
   11         0            762            0.5        100.867        1.00867
   11         0            810            0.5        106.788        1.06788
   11         0            858            0.5        112.667        1.12667
   11         0            909            0.5        118.877        1.18877
   11         0            957            0.5        124.692        1.24692
   11         0           1008            0.5        130.847        1.30847
   11         0           1059            0.5        136.982        1.36982
   11         0           1107            0.5        142.741        1.42741
   11         1            116            0.5        14.6747       0.146747
   11         1            155            0.5        20.8883       0.208883
   11         1            191            0.5        26.5385       0.265385
   11         1            230            0.5        32.5646       0.325646
   11         1            272            0.5        38.9371       0.389371
   11         1            311            0.5        44.7411       0.447411
   11         1            353            0.5        50.8693       0.508693
   11         1            395            0.5        56.8747       0.568747
   11         1            437            0.5        62.7656       0.627656
   11         1            482            0.5        68.9621       0.689621
   11         1            524            0.5        74.6518       0.746518
   11         1            569            0.5        80.6626       0.806626
   11         1            617            0.5        86.9946       0.869946
   11         1            662            0.5        92.8725       0.928725
   11         1            707            0.5        98.7084       0.987084
   11         1            755            0.5          104.9          1.049
   11         1            800            0.5        110.687        1.10687
   11         1            848            0.5         116.85         1.1685
   11         1            893            0.5        122.627        1.22627
   11         1            941            0.5        128.797        1.28797
   11         1            989            0.5        134.981        1.34981
   11         1           1034            0.5        140.796        1.40796
   11         1           1079            0.5        146.633        1.46633
   11         2            135            0.5        10.8106       0.108106
   11         2            165            0.5        15.7021       0.157021
   11         2            201            0.5        20.7742       0.207742
   11         2            240            0.5        25.9173       0.259173
   11         2            279            0.5        30.8672       0.308672
   11         2            318            0.5        35.6917       0.356917
   11         2            360            0.5        40.7853       0.407853
   11         2            402            0.5        45.7965       0.457965
   11         2            444            0.5        50.7405       0.507405
   11         2            489            0.5        55.9753       0.559753
   11         2            531            0.5        60.8109       0.608109
   11         2            576            0.5        65.9449       0.659449
   11         2            618            0.5        70.6977       0.706977
   11         2            663            0.5        75.7528       0.757528
   11         2            708            0.5        80.7729       0.807729
   11         2            753            0.5        85.7612       0.857612
   11         2            798            0.5        90.7205       0.907205
   11         2            846            0.5         95.981        0.95981
   11         2            891            0.5        100.888        1.00888
   11         2            936            0.5        105.772        1.05772
   11         2            984            0.5        110.958        1.10958
   11         2           1029            0.5          115.8          1.158
   11         2           1077            0.5        120.945        1.20945
   11         2           1122            0.5        125.751        1.25751
   11         3            105            0.5        11.4329       0.114329
   11         3            141            0.5        17.4682       0.174682
   11         3            181            0.5        23.4995       0.234995
   11         3            225            0.5        29.8341       0.298341
   11         3            269            0.5        35.9651       0.359651
   11         3            313            0.5        41.9395       0.419395
   11         3            357            0.5        47.7845       0.477845
   11         3            401            0.5        53.5187       0.535187
   11         3            449            0.5        59.6635       0.596635
   11         3            497            0.5        65.7068       0.657068
   11         3            545            0.5        71.6596       0.716596
   11         3            593            0.5        77.5314       0.775314
   11         3            645            0.5        83.8102       0.838102
   11         3            693            0.5        89.5371       0.895371
   11         3            745            0.5        95.6737       0.956737
   11         3            797            0.5        101.746        1.01746
   11         3            849            0.5         107.76         1.0776
   11         3            901            0.5         113.72         1.1372
   11         3            953            0.5        119.631        1.19631
   11         3           1009            0.5        125.946        1.25946
   11         3           1061            0.5        131.767        1.31767
   11         3           1117            0.5        137.991        1.37991
