 *tel    numcsi   CsIInVoltage     errCsIInVoltage           CsIE       errCsIE
    0         0      0.0307874    0.000307874        9.75159      0.0975159
    0         0       0.135736     0.00135736        24.9643       0.249643
    0         0       0.246542     0.00246542        39.9239       0.399239
    0         0       0.350168     0.00350168        54.0652       0.540652
    0         0       0.460792     0.00460792        69.2748       0.692748
    0         0       0.572337     0.00572337        84.5663       0.845663
    0         0       0.682854     0.00682854        99.9228       0.999228
    0         0       0.787948     0.00787948        114.379        1.14379
    0         0       0.899336     0.00899336        129.869        1.29869
    0         0        1.00435      0.0100435        144.466        1.44466
    0         0        1.11128      0.0111128        159.146        1.59146
    0         0        1.22749      0.0122749        174.905        1.74905
    0         0        1.34005      0.0134005        189.783        1.89783
    0         0        1.45394      0.0145394        204.764        2.04764
    0         0        1.56961      0.0156961        219.857        2.19857
    0         0         1.6807       0.016807        234.046        2.34046
    0         0        1.79921      0.0179921        249.364        2.49364
    0         0        1.91862      0.0191862        264.803        2.64803
    0         0        2.03124      0.0203124        279.321        2.79321
    0         0         2.1525       0.021525        294.999        2.94999
    0         0        2.26579      0.0226579        309.739        3.09739
    0         1      0.0204121    0.000204121        5.97743      0.0597743
    0         1       0.124878     0.00124878        21.3144       0.213144
    0         1       0.224087     0.00224087        36.0017       0.360017
    0         1       0.332729     0.00332729        51.3844       0.513844
    0         1       0.441065     0.00441065        66.5555       0.665555
    0         1       0.549587     0.00549587        81.6072       0.816072
    0         1       0.657807     0.00657807           96.6          0.966
    0         1       0.766937     0.00766937        111.576        1.11576
    0         1       0.875235     0.00875235        126.565        1.26565
    0         1       0.985766     0.00985766        141.593        1.41593
    0         1        1.09658      0.0109658        156.676        1.56676
    0         1        1.21011      0.0121011        171.831        1.71831
    0         1        1.31901      0.0131901        186.047        1.86047
    0         1        1.43746      0.0143746        201.368        2.01368
    0         1        1.55776      0.0155776        216.788        2.16788
    0         1        1.67223      0.0167223         231.27         2.3127
    0         1        1.79706      0.0179706        246.892        2.46892
    0         1        1.91328      0.0191328        261.572        2.61572
    0         1        2.03087      0.0203087        276.352        2.76352
    0         1        2.14878      0.0214878         291.23         2.9123
    0         1        2.26658      0.0226658        306.208        3.06208
    0         2      0.0348195    0.000348195        7.92195      0.0792195
    0         2       0.130461     0.00130461        21.7134       0.217134
    0         2       0.232141     0.00232141        35.9357       0.359357
    0         2       0.333435     0.00333435        49.8648       0.498648
    0         2       0.434969     0.00434969        63.6122       0.636122
    0         2       0.536764     0.00536764        77.2416       0.772416
    0         2       0.645628     0.00645628        91.7595       0.917595
    0         2       0.748483     0.00748483        105.263        1.05263
    0         2       0.857301     0.00857301        119.707        1.19707
    0         2       0.960538     0.00960538        133.187        1.33187
    0         2        1.07173      0.0107173        147.643        1.47643
    0         2        1.17748      0.0117748         161.16         1.6116
    0         2        1.29344      0.0129344        175.683        1.75683
    0         2        1.40434      0.0140434        189.283        1.89283
    0         2        1.52561      0.0152561        203.909        2.03909
    0         2        1.64077      0.0164077        217.617        2.17617
    0         2        1.75704      0.0175704        231.388        2.31388
    0         2        1.87412      0.0187412        245.221        2.45221
    0         2        1.99147      0.0199147        259.123        2.59123
    0         2        2.10943      0.0210943        273.091        2.73091
    0         2        2.22826      0.0222826        287.133        2.87133
    0         2        2.34774      0.0234774        301.244        3.01244
    0         3      0.0233842    0.000233842        7.03111      0.0703111
    0         3       0.113712     0.00113712        19.8504       0.198504
    0         3       0.201241     0.00201241         31.995        0.31995
    0         3       0.288357     0.00288357        43.9303       0.439303
    0         3       0.376832     0.00376832        55.7501       0.557501
    0         3       0.463916     0.00463916        67.5038       0.675038
    0         3       0.551278     0.00551278        79.2217       0.792217
    0         3         0.6451       0.006451        91.7629       0.917629
    0         3       0.733756     0.00733756        103.471        1.03471
    0         3       0.820965     0.00820965        115.197        1.15197
    0         3       0.914962     0.00914962        127.789        1.27789
    0         3        1.00416      0.0100416        139.578        1.39578
    0         3        1.09403      0.0109403         151.41         1.5141
    0         3        1.18522      0.0118522        163.288        1.63288
    0         3         1.2782       0.012782        175.221        1.75221
    0         3        1.37291      0.0137291        187.209        1.87209
    0         3        1.46937      0.0146937        199.256        1.99256
    0         3        1.56719      0.0156719        211.367        2.11367
    0         3        1.66615      0.0166615        223.545        2.23545
    0         3          1.766        0.01766        235.787        2.35787
    0         3        1.85954      0.0185954        247.216        2.47216
    1         0      0.0337714    0.000337714        8.83719      0.0883719
    1         0       0.126797     0.00126797        22.2845       0.222845
    1         0       0.238388     0.00238388         36.935        0.36935
    1         0       0.343582     0.00343582        50.6422       0.506422
    1         0       0.448495     0.00448495        64.4253       0.644253
    1         0       0.554857     0.00554857        78.2536       0.782536
    1         0       0.660532     0.00660532         92.112        0.92112
    1         0       0.772936     0.00772936        106.925        1.06925
    1         0       0.878459     0.00878459        120.849        1.20849
    1         0       0.984978     0.00984978        134.816        1.34816
    1         0        1.09287      0.0109287        148.838        1.48838
    1         0        1.20357      0.0120357        162.922        1.62922
    1         0        1.30848      0.0130848        176.132        1.76132
    1         0        1.42454      0.0142454        190.361        1.90361
    1         0        1.54153      0.0154153        204.673        2.04673
    1         0         1.6523       0.016523        218.114        2.18114
    1         0        1.77269      0.0177269          232.6          2.326
    1         0        1.88624      0.0188624        246.211        2.46211
    1         0        2.00788      0.0200788        260.887        2.60887
    1         0        2.12216      0.0212216        274.677        2.74677
    1         0        2.23687      0.0223687        288.559        2.88559
    1         1      0.0333099    0.000333099         6.8377       0.068377
    1         1        0.11843      0.0011843        19.0346       0.190346
    1         1       0.216289     0.00216289        32.8534       0.328534
    1         1       0.306334     0.00306334        45.4634       0.454634
    1         1       0.404895     0.00404895        58.8874       0.588874
    1         1       0.495609     0.00495609        71.2531       0.712531
    1         1       0.593323     0.00593323        84.4968       0.844968
    1         1        0.69078      0.0069078        97.6925       0.976925
    1         1       0.789578     0.00789578        110.861        1.10861
    1         1       0.880564     0.00880564         123.08         1.2308
    1         1       0.979143     0.00979143        136.243        1.36243
    1         1        1.07881      0.0107881        149.419        1.49419
    1         1        1.18152      0.0118152        162.621        1.62621
    1         1        1.28508      0.0128508        175.855        1.75855
    1         1        1.38352      0.0138352         188.18         1.8818
    1         1        1.49157      0.0149157        201.494        2.01494
    1         1        1.60131      0.0160131         214.86         2.1486
    1         1        1.70426      0.0170426        227.317        2.27317
    1         1        1.81623      0.0181623        240.789        2.40789
    1         1        1.92069      0.0192069        253.349        2.53349
    1         1        2.03408      0.0203408        266.935        2.66935
    1         1        2.13972      0.0213972        279.607        2.79607
    1         2      0.0318352    0.000318352        7.60476      0.0760476
    1         2       0.126216     0.00126216        20.5923       0.205923
    1         2       0.216161     0.00216161        33.2217       0.332217
    1         2       0.313284     0.00313284        46.4778       0.464778
    1         2       0.410041     0.00410041        59.5948       0.595948
    1         2        0.50707      0.0050707        72.6249       0.726249
    1         2       0.605401     0.00605401        85.6028       0.856028
    1         2       0.702563     0.00702563        98.5546       0.985546
    1         2         0.8001       0.008001        111.499        1.11499
    1         2       0.897562     0.00897562        124.452        1.24452
    1         2       0.995868     0.00995868        137.427        1.37427
    1         2        1.09644      0.0109644        150.434        1.50434
    1         2        1.19803      0.0119803        163.483        1.63483
    1         2         1.3018       0.013018        176.581        1.76581
    1         2        1.40859      0.0140859         189.73         1.8973
    1         2        1.51651      0.0151651        202.942        2.02942
    1         2        1.61927      0.0161927        215.384        2.15384
    1         2        1.72983      0.0172983        228.722        2.28722
    1         2        1.83444      0.0183444         241.29         2.4129
    1         2        1.94636      0.0194636        254.764        2.54764
    1         2        2.05217      0.0205217        267.464        2.67464
    1         3      0.0321544    0.000321544        7.93891      0.0793891
    1         3       0.112883     0.00112883        20.1725       0.201725
    1         3       0.203191     0.00203191        33.3282       0.333282
    1         3       0.299618     0.00299618        46.9764       0.469764
    1         3       0.391359     0.00391359          59.59         0.5959
    1         3       0.488229     0.00488229        72.9414       0.729414
    1         3       0.578758     0.00578758        85.4093       0.854093
    1         3       0.675851     0.00675851        98.6913       0.986913
    1         3       0.772729     0.00772729        111.982        1.11982
    1         3       0.864633     0.00864633        124.467        1.24467
    1         3       0.962286     0.00962286        137.824        1.37824
    1         3        1.05447      0.0105447        150.396        1.50396
    1         3         1.1553       0.011553         163.87         1.6387
    1         3        1.25108      0.0125108        176.564        1.76564
    1         3        1.34911      0.0134911         189.33         1.8933
    1         3        1.44962      0.0144962        202.169        2.02169
    1         3        1.55777      0.0155777        215.945        2.15945
    1         3        1.66039      0.0166039        228.945        2.28945
    1         3        1.75731      0.0175731         241.15         2.4115
    1         3        1.86176      0.0186176        254.311        2.54311
    1         3        1.96663      0.0196663        267.558        2.67558
    2         0      0.0404516    0.000404516        9.89012      0.0989012
    2         0       0.128919     0.00128919        21.8633       0.218633
    2         0       0.216817     0.00216817        33.5649       0.335649
    2         0       0.304169     0.00304169        45.4289       0.454289
    2         0       0.391221     0.00391221        57.3265       0.573265
    2         0       0.485602     0.00485602        69.9833       0.699833
    2         0       0.572876     0.00572876        81.8012       0.818012
    2         0       0.659912     0.00659912        93.5772       0.935772
    2         0       0.748341     0.00748341        105.324        1.05324
    2         0       0.841922     0.00841922        117.836        1.17836
    2         0       0.929828     0.00929828        129.566        1.29566
    2         0         1.0186       0.010186        141.307        1.41307
    2         0        1.11568      0.0111568        153.855        1.53855
    2         0        1.20689      0.0120689         165.65         1.6565
    2         0        1.29995      0.0129995        177.488        1.77488
    2         0        1.39593      0.0139593         189.37         1.8937
    2         0        1.49283      0.0149283        201.307        2.01307
    2         0        1.59095      0.0159095        213.299        2.13299
    2         0        1.69076      0.0169076        225.356        2.25356
    2         0        1.79095      0.0179095        237.477        2.37477
    2         0         1.8915       0.018915        249.662        2.49662
    2         1      0.0228025    0.000228025        7.08604      0.0708604
    2         1      0.0988162    0.000988162        19.5716       0.195716
    2         1       0.177957     0.00177957        31.2215       0.312215
    2         1       0.263354     0.00263354        43.4314       0.434314
    2         1       0.349122     0.00349122        55.6072       0.556072
    2         1       0.434478     0.00434478        67.8074       0.678074
    2         1       0.514585     0.00514585        79.1714       0.791714
    2         1       0.600607     0.00600607         91.457        0.91457
    2         1       0.685919     0.00685919        103.802        1.03802
    2         1       0.765754     0.00765754        115.325        1.15325
    2         1       0.852243     0.00852243        127.807        1.27807
    2         1       0.932012     0.00932012        139.474        1.39474
    2         1        1.01306      0.0101306        151.217        1.51217
    2         1        1.10098      0.0110098        163.958        1.63958
    2         1        1.18433      0.0118433        175.878        1.75878
    2         1        1.26867      0.0126867         187.89         1.8789
    2         1        1.35491      0.0135491        199.996        1.99996
    2         1        1.43585      0.0143585        211.257        2.11257
    2         1        1.52442      0.0152442        223.551        2.23551
    2         1        1.61391      0.0161391        235.945        2.35945
    2         1        1.69741      0.0169741        247.479        2.47479
    2         2      0.0370827    0.000370827        6.99385      0.0699385
    2         2       0.109513     0.00109513        17.6026       0.176026
    2         2       0.187821     0.00187821        28.6022       0.286022
    2         2       0.264475     0.00264475        39.2855       0.392855
    2         2       0.348775     0.00348775        50.5583       0.505583
    2         2       0.432292     0.00432292        61.6728       0.616728
    2         2       0.515417     0.00515417         72.687        0.72687
    2         2       0.600042     0.00600042        83.6407       0.836407
    2         2        0.68357      0.0068357        94.5646       0.945646
    2         2       0.766665     0.00766665        105.481        1.05481
    2         2       0.851123     0.00851123        116.407        1.16407
    2         2       0.935348     0.00935348        127.358        1.27358
    2         2        1.02036      0.0102036        138.343        1.38343
    2         2        1.10617      0.0110617        149.373        1.49373
    2         2        1.19405      0.0119405        160.453        1.60453
    2         2        1.28279      0.0128279         171.59         1.7159
    2         2        1.37322      0.0137322        182.792        1.82792
    2         2        1.45874      0.0145874        193.252        1.93252
    2         2        1.55213      0.0155213        204.584        2.04584
    2         2        1.64758      0.0164758         215.99         2.1599
    2         2         1.7357       0.017357        226.649        2.26649
    2         2        1.82452      0.0182452        237.373        2.37373
    2         3       0.028617     0.00028617        7.78811      0.0778811
    2         3      0.0940251    0.000940251        17.6682       0.176682
    2         3       0.165606     0.00165606        27.6206       0.276206
    2         3       0.238891     0.00238891        37.4857       0.374857
    2         3       0.310888     0.00310888        47.3877       0.473877
    2         3       0.389415     0.00389415        57.9647       0.579647
    2         3       0.461635     0.00461635        67.8739       0.678739
    2         3       0.534161     0.00534161        77.7691       0.777691
    2         3       0.607832     0.00607832        87.6501       0.876501
    2         3        0.68016      0.0068016         97.522        0.97522
    2         3       0.753388     0.00753388         107.39         1.0739
    2         3       0.830903     0.00830903        117.921        1.17921
    2         3        0.90456      0.0090456        127.804        1.27804
    2         3       0.978298     0.00978298        137.705        1.37705
    2         3        1.05186      0.0105186        147.628        1.47628
    2         3        1.12812      0.0112812        157.577        1.57577
    2         3        1.20409      0.0120409         167.56         1.6756
    2         3        1.28123      0.0128123        177.579        1.77579
    2         3        1.35997      0.0135997        187.636        1.87636
    2         3        1.44041      0.0144041        197.736        1.97736
    2         3        1.52142      0.0152142        207.883        2.07883
    2         3        1.59805      0.0159805        217.395        2.17395
    3         0       0.034886     0.00034886         8.6018       0.086018
    3         0       0.102353     0.00102353        18.4868       0.184868
    3         0       0.175774     0.00175774        28.5478       0.285478
    3         0       0.249891     0.00249891        38.4178       0.384178
    3         0       0.330305     0.00330305        48.8697       0.488697
    3         0       0.404412     0.00404412        58.6874       0.586874
    3         0       0.480428     0.00480428        68.4847       0.684847
    3         0       0.559459     0.00559459        78.8746       0.788746
    3         0       0.634256     0.00634256        88.6394       0.886394
    3         0       0.709773     0.00709773        98.3981       0.983981
    3         0       0.788914     0.00788914        108.768        1.08768
    3         0       0.864994     0.00864994        118.536        1.18536
    3         0       0.944696     0.00944696        128.933        1.28933
    3         0        1.02073      0.0102073        138.739        1.38739
    3         0        1.09823      0.0109823        148.572        1.48572
    3         0        1.17591      0.0117591        158.438        1.58438
    3         0        1.26016      0.0126016        168.958        1.68958
    3         0        1.34155      0.0134155        178.902        1.78902
    3         0          1.423        0.01423        188.888        1.88888
    3         0        1.50603      0.0150603         198.92         1.9892
    3         0        1.59024      0.0159024        208.999        2.08999
    3         1      0.0362631    0.000362631        7.94115      0.0794115
    3         1      0.0992694    0.000992694        17.6163       0.176163
    3         1       0.164974     0.00164974        27.4752       0.274752
    3         1       0.238774     0.00238774        37.5969       0.375969
    3         1       0.311025     0.00311025        47.2772       0.472772
    3         1       0.390851     0.00390851        57.4461       0.574461
    3         1       0.470229     0.00470229        67.4144       0.674144
    3         1       0.548928     0.00548928        77.2716       0.772716
    3         1       0.635487     0.00635487        87.8336       0.878336
    3         1       0.714478     0.00714478        97.6351       0.976351
    3         1       0.793527     0.00793527        107.461        1.07461
    3         1       0.874167     0.00874167        117.332        1.17332
    3         1       0.953761     0.00953761        127.263        1.27263
    3         1        1.03412      0.0103412        137.264        1.37264
    3         1        1.11599      0.0111599        147.346        1.47346
    3         1        1.19978      0.0119978        157.513        1.57513
    3         1        1.28394      0.0128394        167.772        1.67772
    3         1        1.36316      0.0136316        177.325        1.77325
    3         1        1.45064      0.0145064        187.769        1.87769
    3         1        1.53256      0.0153256        197.497        1.97497
    3         1        1.61506      0.0161506        207.313        2.07313
    3         1        1.69839      0.0169839        217.215        2.17215
    3         2      0.0323869    0.000323869        8.55263      0.0855263
    3         2      0.0759761    0.000759761        17.7447       0.177447
    3         2       0.119401     0.00119401        26.4433       0.264433
    3         2       0.165144     0.00165144        35.5197       0.355197
    3         2       0.212333     0.00212333        44.3615       0.443615
    3         2       0.262586     0.00262586        53.7148       0.537148
    3         2       0.312261     0.00312261        62.9603       0.629603
    3         2       0.359616     0.00359616        71.4905       0.714905
    3         2       0.409971     0.00409971        80.6496       0.806496
    3         2       0.460076     0.00460076        89.8044       0.898044
    3         2       0.510605     0.00510605        98.9744       0.989744
    3         2       0.556849     0.00556849        107.515        1.07515
    3         2       0.608048     0.00608048        116.752        1.16752
    3         2       0.654729     0.00654729        125.373        1.25373
    3         2       0.704833     0.00704833        134.712        1.34712
    3         2       0.751842     0.00751842        143.438        1.43438
    3         2       0.801586     0.00801586        152.899        1.52899
    3         2       0.849233     0.00849233         161.75         1.6175
    3         2         0.8964       0.008964        170.663        1.70663
    3         2       0.943122     0.00943122        179.642        1.79642
    3         2       0.990959     0.00990959        188.692        1.88692
    3         2        1.03797      0.0103797        197.808        1.97808
    3         3      0.0289593    0.000289593        8.21773      0.0821773
    3         3       0.101901     0.00101901        18.7432       0.187432
    3         3       0.171103     0.00171103        28.3888       0.283888
    3         3       0.247232     0.00247232          38.58         0.3858
    3         3       0.324659     0.00324659        48.6043       0.486043
    3         3       0.400458     0.00400458        58.5034       0.585034
    3         3       0.478199     0.00478199        68.3097       0.683097
    3         3       0.560282     0.00560282        78.7988       0.787988
    3         3       0.636667     0.00636667        88.4982       0.884982
    3         3        0.72004      0.0072004        98.9224       0.989224
    3         3       0.796131     0.00796131          108.6          1.086
    3         3       0.873951     0.00873951         118.29         1.1829
    3         3       0.956796     0.00956796        128.751        1.28751
    3         3        1.03448      0.0103448        138.498        1.38498
    3         3        1.11431      0.0111431        148.286        1.48286
    3         3        1.20037      0.0120037        158.878        1.58878
    3         3        1.28154      0.0128154         168.77         1.6877
    3         3        1.36564      0.0136564        178.718        1.78718
    3         3        1.44962      0.0144962        188.726        1.88726
    3         3         1.5346       0.015346        198.799        1.98799
    3         3        1.62073      0.0162073        208.937        2.08937
    4         0      0.0151447    0.000151447        5.26243      0.0526243
    4         0       0.084065     0.00084065        16.9362       0.169362
    4         0       0.156244     0.00156244        27.5621       0.275621
    4         0       0.234128     0.00234128        38.6502       0.386502
    4         0        0.31215      0.0031215        49.5842       0.495842
    4         0       0.389706     0.00389706        60.3973       0.603973
    4         0       0.473537     0.00473537        71.8743       0.718743
    4         0       0.551542     0.00551542        82.5076       0.825076
    4         0       0.634517     0.00634517        93.8431       0.938431
    4         0       0.712695     0.00712695        104.389        1.04389
    4         0        0.79631      0.0079631        115.673        1.15673
    4         0       0.879304     0.00879304        126.957        1.26957
    4         0       0.957981     0.00957981        137.502        1.37502
    4         0         1.0416       0.010416        148.828        1.48828
    4         0        1.12162      0.0112162        159.432        1.59432
    4         0        1.20907      0.0120907        170.839        1.70839
    4         0         1.2907       0.012907        181.533        1.81533
    4         0        1.37521      0.0137521         192.28         1.9228
    4         0        1.46591      0.0146591        203.856        2.03856
    4         0         1.5523       0.015523        214.721        2.14721
    4         0        1.63862      0.0163862        225.649        2.25649
    4         1       0.025371     0.00025371         6.9907       0.069907
    4         1      0.0863087    0.000863087        17.5961       0.175961
    4         1       0.161711     0.00161711        28.5164       0.285164
    4         1       0.241597     0.00241597        39.5318       0.395318
    4         1       0.322557     0.00322557        50.4463       0.504463
    4         1       0.403536     0.00403536        61.3761       0.613761
    4         1       0.484527     0.00484527          72.34         0.7234
    4         1       0.564386     0.00564386        83.3401       0.833401
    4         1       0.645279     0.00645279        94.3767       0.943767
    4         1       0.726283     0.00726283        105.454        1.05454
    4         1       0.806194     0.00806194        116.574        1.16574
    4         1       0.887245     0.00887245        127.742        1.27742
    4         1       0.968555     0.00968555        138.961        1.38961
    4         1        1.04475      0.0104475        149.482        1.49482
    4         1        1.12686      0.0112686        160.813        1.60813
    4         1        1.20559      0.0120559        171.443        1.71443
    4         1        1.29031      0.0129031        182.895        1.82895
    4         1        1.37167      0.0137167        193.646        1.93646
    4         1        1.45438      0.0145438        204.459        2.04459
    4         1        1.53632      0.0153632        215.332        2.15332
    4         1        1.62079      0.0162079        226.271        2.26271
    4         1        1.70487      0.0170487        237.273        2.37273
    4         2      0.0258594    0.000258594        6.28227      0.0628227
    4         2      0.0977338    0.000977338        17.6023       0.176023
    4         2       0.177763     0.00177763        28.5791       0.285791
    4         2       0.263911     0.00263911        39.5955       0.395955
    4         2       0.350213     0.00350213        50.3735       0.503735
    4         2       0.441148     0.00441148        61.7192       0.617192
    4         2       0.526826     0.00526826         72.351        0.72351
    4         2       0.618478     0.00618478        83.6259       0.836259
    4         2       0.708941     0.00708941        94.8992       0.948992
    4         2       0.795414     0.00795414        105.519        1.05519
    4         2       0.886522     0.00886522        116.826        1.16826
    4         2       0.972771     0.00972771          127.5          1.275
    4         2        1.06608      0.0106608         138.88         1.3888
    4         2        1.15376      0.0115376        149.636        1.49636
    4         2        1.24427      0.0124427        160.441        1.60441
    4         2         1.3421       0.013421         171.98         1.7198
    4         2        1.43502      0.0143502        182.898        1.82898
    4         2        1.53066      0.0153066        193.879        1.93879
    4         2        1.62641      0.0162641        204.924        2.04924
    4         2        1.71712      0.0171712        215.339        2.15339
    4         3      0.0259394    0.000259394        6.95508      0.0695508
    4         3      0.0843807    0.000843807        16.3153       0.163153
    4         3       0.156359     0.00156359        26.4442       0.264442
    4         3       0.232545     0.00232545        36.7175       0.367175
    4         3       0.309368     0.00309368        46.7709       0.467709
    4         3       0.385506     0.00385506        56.7025       0.567025
    4         3       0.462574     0.00462574        66.5505       0.665505
    4         3       0.544746     0.00544746         76.991        0.76991
    4         3       0.620718     0.00620718        86.7389       0.867389
    4         3       0.697567     0.00697567        96.4631       0.964631
    4         3        0.77909      0.0077909        106.825        1.06825
    4         3       0.856084     0.00856084        116.541        1.16541
    4         3       0.937489     0.00937489        126.919        1.26919
    4         3        1.01558      0.0101558        136.668        1.36668
    4         3        1.09276      0.0109276        146.445        1.46445
    4         3          1.178        0.01178        156.913        1.56913
    4         3        1.25844      0.0125844        166.766        1.66766
    4         3        1.34085      0.0134085        176.663        1.76663
    4         3        1.42356      0.0142356        186.607        1.86607
    4         3        1.50817      0.0150817        196.602        1.96602
    5         0      0.0270936    0.000270936        7.87666      0.0787666
    5         0      0.0881555    0.000881555        17.2119       0.172119
    5         0       0.165431     0.00165431        27.6274       0.276274
    5         0       0.241763     0.00241763        37.6533       0.376533
    5         0       0.319315     0.00319315        47.6306       0.476306
    5         0       0.395671     0.00395671        57.6178       0.576178
    5         0       0.473227     0.00473227        67.6203       0.676203
    5         0       0.550359     0.00550359        77.6372       0.776372
    5         0       0.626858     0.00626858        87.6695       0.876695
    5         0       0.704357     0.00704357        97.7189       0.977189
    5         0        0.78083      0.0078083        107.788        1.07788
    5         0       0.858085     0.00858085        117.883        1.17883
    5         0       0.929844     0.00929844        127.227        1.27227
    5         0        1.00676      0.0100676        137.381        1.37381
    5         0        1.08581      0.0108581        147.571        1.47571
    5         0        1.16488      0.0116488        157.803        1.57803
    5         0        1.23979      0.0123979        167.286        1.67286
    5         0        1.32131      0.0132131        177.602        1.77602
    5         0        1.40545      0.0140545        187.969        1.87969
    5         0         1.4827       0.014827        197.585        1.97585
    5         0        1.56221      0.0156221        207.245        2.07245
    5         0        1.64759      0.0164759        217.763        2.17763
    5         1      0.0165039    0.000165039        5.02378      0.0502378
    5         1      0.0994259    0.000994259        16.7443       0.167443
    5         1       0.192952     0.00192952        27.5543       0.275543
    5         1       0.292728     0.00292728        38.6859       0.386859
    5         1        0.39362      0.0039362        49.8285       0.498285
    5         1       0.486882     0.00486882         60.275        0.60275
    5         1       0.587795     0.00587795        71.5063       0.715063
    5         1       0.687713     0.00687713        82.7694       0.827694
    5         1       0.781967     0.00781967        93.3073       0.933073
    5         1       0.881901     0.00881901        104.628        1.04628
    5         1       0.983459     0.00983459        115.986        1.15986
    5         1        1.07806      0.0107806        126.623        1.26623
    5         1        1.17558      0.0117558        137.302        1.37302
    5         1        1.28119      0.0128119        148.794        1.48794
    5         1        1.38259      0.0138259        159.574        1.59574
    5         1        1.48513      0.0148513        170.407        1.70407
    5         1        1.58926      0.0158926        181.297        1.81297
    5         1        1.69459      0.0169459        192.247        1.92247
    5         1         1.7998       0.017998        203.263        2.03263
    5         1        1.90631      0.0190631        214.341        2.14341
    5         1        2.01382      0.0201382        225.488        2.25488
    5         2      0.0293424    0.000293424        6.53034      0.0653034
    5         2       0.109933     0.00109933        16.9488       0.169488
    5         2       0.187508     0.00187508         26.618        0.26618
    5         2       0.273006     0.00273006        36.5236       0.365236
    5         2       0.364709     0.00364709        46.7264       0.467264
    5         2       0.457694     0.00457694        56.5839       0.565839
    5         2       0.556461     0.00556461        66.9838       0.669838
    5         2       0.649101     0.00649101        76.5448       0.765448
    5         2       0.748078     0.00748078        86.8102       0.868102
    5         2       0.840526     0.00840526         96.356        0.96356
    5         2       0.939975     0.00939975        106.679        1.06679
    5         2        1.03376      0.0103376        116.321        1.16321
    5         2        1.13526      0.0113526         126.78         1.2678
    5         2        1.23105      0.0123105        136.568        1.36568
    5         2        1.33006      0.0133006        146.436        1.46436
    5         2           1.43         0.0143        156.385        1.56385
    5         2         1.5313       0.015313        166.418        1.66418
    5         2         1.6349       0.016349        176.538        1.76538
    5         2         1.7391       0.017391        186.744        1.86744
    5         2        1.83498      0.0183498        196.245        1.96245
    5         2        1.94052      0.0194052         206.62         2.0662
    5         2        2.03807      0.0203807        216.278        2.16278
    5         3      0.0309358    0.000309358        7.20481      0.0720481
    5         3       0.138831     0.00138831        16.9694       0.169694
    5         3       0.245469     0.00245469        25.7016       0.257016
    5         3       0.359746     0.00359746        34.9054       0.349054
    5         3       0.474898     0.00474898        43.9639       0.439639
    5         3       0.588907     0.00588907        52.8882       0.528882
    5         3       0.703696     0.00703696         61.695        0.61695
    5         3       0.817856     0.00817856        70.4055       0.704055
    5         3       0.940851     0.00940851        79.6546       0.796546
    5         3        1.06494      0.0106494        88.8407       0.888407
    5         3        1.19171      0.0119171        97.9835       0.979835
    5         3        1.31262      0.0131262        106.493        1.06493
    5         3        1.44577      0.0144577        115.597        1.15597
    5         3        1.58146      0.0158146        124.701        1.24701
    5         3        1.71865      0.0171865        133.813        1.33813
    5         3        1.85715      0.0185715        142.945        1.42945
    5         3        1.98738      0.0198738        151.489        1.51489
    5         3        2.12763      0.0212763        160.674        1.60674
    5         3        2.26807      0.0226807        169.896        1.69896
    5         3        2.39878      0.0239878        178.537        1.78537
    5         3        2.53949      0.0253949         187.84         1.8784
    5         3        2.67118      0.0267118        196.567        1.96567
    6         0      0.0169618    0.000169618         7.0506       0.070506
    6         0      0.0772609    0.000772609        17.5153       0.175153
    6         0       0.146573     0.00146573         27.639        0.27639
    6         0       0.218824     0.00218824        37.9233       0.379233
    6         0       0.292359     0.00292359        47.9696       0.479696
    6         0       0.365722     0.00365722        57.8714       0.578714
    6         0        0.43877      0.0043877        67.6742       0.676742
    6         0       0.512408     0.00512408        77.4107       0.774107
    6         0        0.58971      0.0058971        87.7508       0.877508
    6         0       0.663194     0.00663194        97.4244       0.974244
    6         0       0.741756     0.00741756        107.741        1.07741
    6         0       0.814214     0.00814214        117.423        1.17423
    6         0       0.892905     0.00892905        127.778        1.27778
    6         0        0.96616      0.0096616        137.519        1.37519
    6         0        1.04538      0.0104538        147.954        1.47954
    6         0        1.12068      0.0112068        157.785        1.57785
    6         0        1.19604      0.0119604        167.671        1.67671
    6         0        1.27394      0.0127394        177.612        1.77612
    6         0        1.35171      0.0135171        187.615        1.87615
    6         0        1.43187      0.0143187        197.685        1.97685
    6         0        1.51207      0.0151207        207.819        2.07819
    6         0        1.58845      0.0158845        217.344        2.17344
    6         1      0.0336275    0.000336275        9.68201      0.0968201
    6         1       0.105041     0.00105041        19.6972       0.196972
    6         1       0.178962     0.00178962        29.6053       0.296053
    6         1       0.253315     0.00253315        39.4383       0.394383
    6         1       0.332268     0.00332268        49.8953       0.498953
    6         1       0.406864     0.00406864        59.6604       0.596604
    6         1       0.481705     0.00481705        69.3871       0.693871
    6         1       0.560183     0.00560183        79.7268       0.797268
    6         1       0.634903     0.00634903        89.3989       0.893989
    6         1       0.714172     0.00714172        99.7033       0.997033
    6         1       0.788292     0.00788292        109.365        1.09365
    6         1       0.868185     0.00868185        119.681        1.19681
    6         1       0.942162     0.00942162        129.372        1.29372
    6         1        1.02289      0.0102289        139.737        1.39737
    6         1        1.09884      0.0109884        149.489        1.49489
    6         1        1.18094      0.0118094        159.933        1.59933
    6         1         1.2589       0.012589        169.769        1.69769
    6         1        1.33898      0.0133898        179.652        1.79652
    6         1        1.41923      0.0141923        189.586        1.89586
    6         1        1.50178      0.0150178        199.572        1.99572
    6         1        1.58382      0.0158382        209.616        2.09616
    6         2      0.0296989    0.000296989        7.84853      0.0784853
    6         2      0.0786009    0.000786009        15.8968       0.158968
    6         2       0.125293     0.00125293        23.3511       0.233511
    6         2       0.181645     0.00181645        31.6868       0.316868
    6         2       0.237254     0.00237254        39.5924       0.395924
    6         2       0.298363     0.00298363        47.8559       0.478559
    6         2       0.359789     0.00359789        55.9279       0.559279
    6         2       0.420528     0.00420528        63.8895       0.638895
    6         2       0.481377     0.00481377        71.7936       0.717936
    6         2       0.542789     0.00542789        79.6787       0.796787
    6         2       0.604074     0.00604074         87.571        0.87571
    6         2       0.664683     0.00664683        95.4914       0.954914
    6         2        0.72552      0.0072552        103.454        1.03454
    6         2       0.787039     0.00787039        111.472        1.11472
    6         2       0.847839     0.00847839        119.555        1.19555
    6         2       0.908521     0.00908521        127.708        1.27708
    6         2       0.970503     0.00970503        135.939        1.35939
    6         2        1.02773      0.0102773         143.61         1.4361
    6         2        1.08542      0.0108542        151.355        1.51355
    6         2        1.14756      0.0114756        159.829        1.59829
    6         2        1.20673      0.0120673        167.734        1.67734
    6         3      0.0251114    0.000251114        7.88071      0.0788071
    6         3      0.0770349    0.000770349        16.9973       0.169973
    6         3        0.13501      0.0013501        25.7415       0.257415
    6         3       0.197046     0.00197046        34.5508       0.345508
    6         3       0.261627     0.00261627        43.7724       0.437724
    6         3       0.327736     0.00327736        52.9547       0.529547
    6         3       0.389781     0.00389781        61.5792       0.615792
    6         3       0.454665     0.00454665        70.7279       0.707279
    6         3       0.520607     0.00520607        79.8646       0.798646
    6         3       0.586453     0.00586453        88.9926       0.889926
    6         3       0.647353     0.00647353        97.5791       0.975791
    6         3       0.713258     0.00713258        106.703        1.06703
    6         3       0.779288     0.00779288        115.832        1.15832
    6         3       0.843833     0.00843833        124.972        1.24972
    6         3       0.906263     0.00906263        133.587        1.33587
    6         3       0.972669     0.00972669         142.76         1.4276
    6         3        1.03848      0.0103848        151.955        1.51955
    6         3        1.10151      0.0110151        160.633        1.60633
    6         3        1.16978      0.0116978        169.882        1.69882
    6         3        1.23378      0.0123378        178.614        1.78614
    7         0      0.0221453    0.000221453        5.55417      0.0555417
    7         0      0.0707376    0.000707376         13.657        0.13657
    7         0       0.120899     0.00120899        21.4735       0.214735
    7         0       0.175881     0.00175881        29.4808       0.294808
    7         0       0.233609     0.00233609        37.7833       0.377833
    7         0       0.292257     0.00292257        45.8946       0.458946
    7         0       0.351208     0.00351208        53.8709       0.538709
    7         0        0.40979      0.0040979        61.7485       0.617485
    7         0       0.467836     0.00467836         69.554        0.69554
    7         0       0.530804     0.00530804        77.8222       0.778222
    7         0        0.58942      0.0058942        85.5343       0.855343
    7         0       0.651172     0.00651172        93.7331       0.937331
    7         0          0.714        0.00714        101.914        1.01914
    7         0       0.773066     0.00773066        109.575        1.09575
    7         0       0.834516     0.00834516        117.745        1.17745
    7         0        0.89762      0.0089762        125.921        1.25921
    7         0       0.956915     0.00956915        133.594        1.33594
    7         0        1.01955      0.0101955        141.793        1.41793
    7         0         1.0792       0.010792        149.497        1.49497
    7         0        1.14382      0.0114382        157.736        1.57736
    7         0        1.20886      0.0120886        165.997        1.65997
    7         1       0.026616     0.00026616        7.09336      0.0709336
    7         1      0.0864758    0.000864758        16.9443       0.169443
    7         1       0.149096     0.00149096        25.7037       0.257037
    7         1        0.21603      0.0021603         34.465        0.34465
    7         1       0.287762     0.00287762        43.6018       0.436018
    7         1       0.360227     0.00360227        52.6452       0.526452
    7         1       0.431789     0.00431789        61.6511       0.616511
    7         1       0.504184     0.00504184        70.6419       0.706419
    7         1       0.576586     0.00576586        79.6302       0.796302
    7         1       0.647809     0.00647809         88.624        0.88624
    7         1       0.720389     0.00720389        97.6312       0.976312
    7         1       0.792691     0.00792691        106.657        1.06657
    7         1       0.864161     0.00864161        115.707        1.15707
    7         1       0.936791     0.00936791        124.788        1.24788
    7         1        1.01004      0.0101004        133.901        1.33901
    7         1        1.07776      0.0107776        142.441        1.42441
    7         1        1.15228      0.0115228        151.631        1.51631
    7         1         1.2275       0.012275        160.863        1.60863
    7         1        1.29872      0.0129872        169.522        1.69522
    7         1        1.37679      0.0137679        178.847        1.78847
    7         1        1.44946      0.0144946        187.597        1.87597
    7         2       0.030677     0.00030677        7.92174      0.0792174
    7         2      0.0835904    0.000835904        16.5542       0.165542
    7         2       0.145304     0.00145304        25.4175       0.254175
    7         2       0.212096     0.00212096        34.3994       0.343994
    7         2       0.283009     0.00283009        43.6959       0.436959
    7         2       0.354591     0.00354591        52.7804       0.527804
    7         2       0.426345     0.00426345        61.7211       0.617211
    7         2       0.497863     0.00497863        70.5628       0.705628
    7         2       0.573723     0.00573723         79.921        0.79921
    7         2       0.645533     0.00645533         88.653        0.88653
    7         2       0.721374     0.00721374        97.9434       0.979434
    7         2       0.792991     0.00792991        106.649        1.06649
    7         2       0.869591     0.00869591        115.944        1.15944
    7         2       0.940658     0.00940658        124.675        1.24675
    7         2        1.01317      0.0101317        133.433        1.33433
    7         2        1.09095      0.0109095        142.813        1.42813
    7         2         1.1642       0.011642        151.645        1.51645
    7         2        1.23989      0.0123989        160.523        1.60523
    7         2        1.31557      0.0131557        169.449        1.69449
    7         2        1.39302      0.0139302        178.426        1.78426
    7         2        1.47179      0.0147179         187.46         1.8746
    7         2        1.54989      0.0154989        196.549        1.96549
    7         3      0.0238509    0.000238509        5.87875      0.0587875
    7         3      0.0728289    0.000728289        13.5111       0.135111
    7         3       0.130443     0.00130443        21.6088       0.216088
    7         3       0.190031     0.00190031        29.9843       0.299843
    7         3       0.246595     0.00246595         37.653        0.37653
    7         3       0.307178     0.00307178        45.7681       0.457681
    7         3       0.367542     0.00367542        53.8108       0.538108
    7         3       0.427679     0.00427679        61.8016       0.618016
    7         3       0.488696     0.00488696         69.755        0.69755
    7         3       0.548306     0.00548306        77.6814       0.776814
    7         3       0.609067     0.00609067        85.5885       0.855885
    7         3       0.669983     0.00669983        93.4836       0.934836
    7         3       0.733795     0.00733795        101.897        1.01897
    7         3       0.794603     0.00794603        109.781        1.09781
    7         3       0.855375     0.00855375        117.667        1.17667
    7         3       0.915709     0.00915709        125.557        1.25557
    7         3       0.980759     0.00980759        133.981        1.33981
    7         3         1.0423       0.010423        141.889        1.41889
    7         3         1.1034       0.011034         149.81         1.4981
    7         3        1.16635      0.0116635        157.743        1.57743
    7         3        1.23027      0.0123027        165.696        1.65696
    7         3        1.29365      0.0129365        173.663        1.73663
    8         0      0.0347157    0.000347157        7.56342      0.0756342
    8         0        0.07422      0.0007422        14.9358       0.149358
    8         0       0.117016     0.00117016        21.9032       0.219032
    8         0       0.163105     0.00163105        28.9243       0.289243
    8         0       0.209481     0.00209481        35.6811       0.356811
    8         0       0.261107     0.00261107        42.7385       0.427385
    8         0       0.312584     0.00312584        49.6683       0.496683
    8         0       0.367277     0.00367277        56.9627       0.569627
    8         0       0.418304     0.00418304        63.7376       0.637376
    8         0       0.473306     0.00473306        70.9177       0.709177
    8         0       0.524934     0.00524934        77.6223       0.776223
    8         0       0.579937     0.00579937        84.7579       0.847579
    8         0       0.635034     0.00635034        91.8879       0.918879
    8         0       0.686634     0.00686634        98.5762       0.985762
    8         0       0.741003     0.00741003        105.721        1.05721
    8         0       0.795893     0.00795893        112.884        1.12884
    8         0       0.847595     0.00847595        119.621        1.19621
    8         0       0.903006     0.00903006        126.833        1.26833
    8         0       0.955182     0.00955182        133.623        1.33623
    8         0        1.01129      0.0101129        140.899        1.40899
    8         0        1.06353      0.0106353        147.754        1.47754
    8         0        1.11644      0.0111644        154.644        1.54644
    8         1      0.0294644    0.000294644        6.81887      0.0681887
    8         1      0.0678274    0.000678274        13.6981       0.136981
    8         1       0.109678     0.00109678        20.5513       0.205513
    8         1       0.158504     0.00158504        27.9179       0.279179
    8         1       0.207329     0.00207329        34.7956       0.347956
    8         1       0.259643     0.00259643        41.7905       0.417905
    8         1       0.315441     0.00315441        48.9693       0.489693
    8         1       0.371266     0.00371266        55.9631       0.559631
    8         1       0.427232     0.00427232        62.8454       0.628454
    8         1       0.482189     0.00482189        69.6661       0.696661
    8         1       0.541526     0.00541526         76.882        0.76882
    8         1       0.597406     0.00597406        83.6686       0.836686
    8         1       0.656738     0.00656738         90.892        0.90892
    8         1       0.712555     0.00712555        97.7131       0.977131
    8         1        0.77209      0.0077209        104.995        1.04995
    8         1       0.827149     0.00827149        111.886        1.11886
    8         1       0.883207     0.00883207        118.817        1.18817
    8         1       0.939528     0.00939528        125.793        1.25793
    8         1       0.996163     0.00996163        132.813        1.32813
    8         1        1.05324      0.0105324        139.883        1.39883
    8         2      0.0282881    0.000282881        6.76643      0.0676643
    8         2      0.0735825    0.000735825        14.8313       0.148313
    8         2       0.123406     0.00123406        22.3996       0.223996
    8         2       0.183559     0.00183559        30.9313       0.309313
    8         2       0.238431     0.00238431        38.6446       0.386446
    8         2       0.299106     0.00299106        46.8766       0.468766
    8         2       0.358489     0.00358489         54.997        0.54997
    8         2       0.414349     0.00414349        62.4064       0.624064
    8         2       0.479685     0.00479685        70.9608       0.709608
    8         2       0.539159     0.00539159        78.8319       0.788319
    8         2       0.599903     0.00599903        86.6467       0.866467
    8         2       0.660281     0.00660281        94.4157       0.944157
    8         2       0.725695     0.00725695        102.743        1.02743
    8         2       0.785356     0.00785356         110.45         1.1045
    8         2       0.850643     0.00850643        118.731        1.18731
    8         2       0.911598     0.00911598        126.409        1.26409
    8         2       0.977694     0.00977694        134.674        1.34674
    8         2        1.04316      0.0104316         142.94         1.4294
    8         2        1.10567      0.0110567        150.622        1.50622
    8         2        1.17402      0.0117402        158.907        1.58907
    8         2        1.23684      0.0123684        166.613        1.66613
    8         3      0.0338256    0.000338256        6.56226      0.0656226
    8         3      0.0695045    0.000695045        12.7684       0.127684
    8         3       0.108157     0.00108157        18.9732       0.189732
    8         3       0.146809     0.00146809        24.9481       0.249481
    8         3       0.185725     0.00185725        30.7802       0.307802
    8         3       0.228117     0.00228117        36.9473       0.369473
    8         3       0.267047     0.00267047         42.593        0.42593
    8         3       0.309813     0.00309813        48.6036       0.486036
    8         3       0.355502     0.00355502        54.9794       0.549794
    8         3       0.398106     0.00398106        60.8807       0.608807
    8         3       0.439802     0.00439802        66.7426       0.667426
    8         3        0.48537      0.0048537        72.9869       0.729869
    8         3       0.528158     0.00528158        78.7868       0.787868
    8         3       0.573995     0.00573995        84.9753       0.849753
    8         3       0.615876     0.00615876        90.7319       0.907319
    8         3       0.660922     0.00660922        96.8832       0.968832
    8         3       0.703834     0.00703834        102.611        1.02611
    8         3       0.749152     0.00749152        108.737        1.08737
    8         3       0.793939     0.00793939        114.855        1.14855
    8         3       0.839685     0.00839685        120.967        1.20967
    8         3       0.882467     0.00882467        126.667        1.26667
    9         0       0.011272     0.00011272        4.69758      0.0469758
    9         0      0.0568647    0.000568647        12.5562       0.125562
    9         0       0.110056     0.00110056        20.5598       0.205598
    9         0       0.166819     0.00166819        28.7025       0.287025
    9         0       0.217352     0.00217352        36.6029       0.366029
    9         0       0.273914     0.00273914        44.8552       0.448552
    9         0       0.329499     0.00329499        52.9781       0.529781
    9         0       0.382103     0.00382103        60.5051       0.605051
    9         0        0.44058      0.0044058         68.956        0.68956
    9         0       0.496654     0.00496654        76.8494       0.768494
    9         0       0.552632     0.00552632        84.6971       0.846971
    9         0       0.612117     0.00612117        92.9962       0.929962
    9         0       0.668237     0.00668237        100.779        1.00779
    9         0       0.723445     0.00723445        108.541        1.08541
    9         0       0.783007     0.00783007        116.773        1.16773
    9         0       0.842547     0.00842547        124.993        1.24993
    9         0        0.89902      0.0089902        132.723        1.32723
    9         0       0.959271     0.00959271        140.937        1.40937
    9         0        1.01561      0.0101561        148.668        1.48668
    9         0        1.07604      0.0107604        156.888        1.56888
    9         0        1.13411      0.0113411        164.633        1.64633
    9         1       0.027726     0.00027726        5.47621      0.0547621
    9         1      0.0728127    0.000728127        13.8019       0.138019
    9         1       0.121368     0.00121368        21.8051       0.218051
    9         1       0.169966     0.00169966        29.4902       0.294902
    9         1       0.222011     0.00222011        37.5354       0.375354
    9         1       0.279394     0.00279394        45.9786       0.459786
    9         1       0.331414     0.00331414        53.8022       0.538022
    9         1       0.384099     0.00384099        61.5594       0.615594
    9         1       0.440614     0.00440614        69.7771       0.697771
    9         1       0.497213     0.00497213        77.9481       0.779481
    9         1       0.550339     0.00550339         85.575        0.85575
    9         1       0.606678     0.00606678        93.6821       0.936821
    9         1       0.662571     0.00662571        101.766        1.01766
    9         1       0.719263     0.00719263        109.832        1.09832
    9         1       0.775913     0.00775913        117.886        1.17886
    9         1       0.832425     0.00832425        125.929        1.25929
    9         1       0.889382     0.00889382        133.968        1.33968
    9         1       0.942123     0.00942123        141.501        1.41501
    9         1       0.999586     0.00999586        149.537        1.49537
    9         1        1.05737      0.0105737        157.572        1.57572
    9         1        1.11591      0.0111591        165.615        1.65615
    9         2      0.0260341    0.000260341        6.68009      0.0668009
    9         2      0.0907242    0.000907242        16.9487       0.169487
    9         2       0.155436     0.00155436        26.2689       0.262689
    9         2       0.227615     0.00227615        36.7927       0.367927
    9         2       0.295653     0.00295653        46.3964       0.463964
    9         2       0.368756     0.00368756        56.6334       0.566334
    9         2       0.441795     0.00441795        66.8009       0.668009
    9         2       0.514058     0.00514058        76.9243       0.769243
    9         2       0.582167     0.00582167        86.2994       0.862994
    9         2       0.655307     0.00655307        96.3809       0.963809
    9         2       0.728701     0.00728701        106.455        1.06455
    9         2       0.800914     0.00800914        116.529        1.16529
    9         2       0.874605     0.00874605        126.611        1.26611
    9         2       0.948367     0.00948367        136.703        1.36703
    9         2        1.02288      0.0102288        146.814        1.46814
    9         2        1.09682      0.0109682        156.945        1.56945
    9         2        1.16788      0.0116788        166.372        1.66372
    9         2        1.24524      0.0124524        176.551        1.76551
    9         2        1.32304      0.0132304         186.76         1.8676
    9         2        1.40312      0.0140312        196.998        1.96998
    9         2        1.47852      0.0147852        206.536        2.06536
    9         2        1.55956      0.0155956        216.843        2.16843
    9         3      0.0320859    0.000320859        5.96283      0.0596283
    9         3      0.0642105    0.000642105         11.535        0.11535
    9         3       0.105096     0.00105096        17.8247       0.178247
    9         3       0.145991     0.00145991        23.7682       0.237682
    9         3       0.190587     0.00190587         29.928        0.29928
    9         3       0.233897     0.00233897        35.9477       0.359477
    9         3        0.27777      0.0027777        41.8673       0.418673
    9         3       0.321234     0.00321234        47.7112       0.477112
    9         3       0.368518     0.00368518        53.8798       0.538798
    9         3       0.415803     0.00415803        59.9947       0.599947
    9         3       0.459547     0.00459547        65.6884       0.656884
    9         3       0.505862     0.00505862        71.7274       0.717274
    9         3       0.553215     0.00553215         77.738        0.77738
    9         3       0.600469     0.00600469        83.7248       0.837248
    9         3       0.647514     0.00647514        89.6928       0.896928
    9         3       0.693733     0.00693733        95.6465       0.956465
    9         3       0.743896     0.00743896        101.959        1.01959
    9         3       0.791125     0.00791125         107.89         1.0789
    9         3       0.838201     0.00838201        113.816        1.13816
    9         3       0.884586     0.00884586        119.738        1.19738
    9         3       0.932104     0.00932104        125.656        1.25656
    9         3       0.982901     0.00982901        131.945        1.31945
    9         3         1.0309       0.010309        137.865        1.37865
   10         0      0.0300559    0.000300559        5.67287      0.0567287
   10         0      0.0702941    0.000702941        12.6378       0.126378
   10         0        0.11858      0.0011858        19.9287       0.199287
   10         0        0.16775      0.0016775        26.9281       0.269281
   10         0       0.215585     0.00215585        33.7878       0.337878
   10         0       0.265033     0.00265033         40.536        0.40536
   10         0       0.317961     0.00317961        47.7331       0.477331
   10         0       0.371198     0.00371198        54.8241       0.548241
   10         0       0.424284     0.00424284        61.8227       0.618227
   10         0       0.477529     0.00477529        68.7413       0.687413
   10         0       0.530907     0.00530907        75.5928       0.755928
   10         0       0.587488     0.00587488        82.9085       0.829085
   10         0       0.640641     0.00640641        89.6551       0.896551
   10         0       0.698002     0.00698002        96.8793       0.968793
   10         0       0.751385     0.00751385        103.558        1.03558
   10         0       0.808682     0.00808682        110.727        1.10727
   10         0        0.86616      0.0086616        117.878        1.17878
   10         0       0.919732     0.00919732        124.507        1.24507
   10         0       0.977609     0.00977609        131.642        1.31642
   10         0        1.03555      0.0103555        138.774        1.38774
   10         0        1.09399      0.0109399         145.91         1.4591
   10         0         1.1493       0.011493        152.542        1.52542
   10         1       0.030555     0.00030555        4.68607      0.0468607
   10         1      0.0662763    0.000662763        10.7293       0.107293
   10         1        0.10557      0.0010557         16.639        0.16639
   10         1       0.148436     0.00148436        22.7795       0.227795
   10         1       0.192236     0.00192236        28.7479       0.287479
   10         1       0.235816     0.00235816        34.6042       0.346042
   10         1       0.283673     0.00283673         40.857        0.40857
   10         1       0.326775     0.00326775        46.5642       0.465642
   10         1       0.373988     0.00373988        52.6911       0.526911
   10         1       0.421848     0.00421848        58.7703       0.587703
   10         1       0.469433     0.00469433        64.8098       0.648098
   10         1       0.517238     0.00517238        70.8165       0.708165
   10         1       0.564371     0.00564371        76.7945       0.767945
   10         1       0.611505     0.00611505        82.7485       0.827485
   10         1       0.659381     0.00659381        88.6818       0.886818
   10         1       0.706945     0.00706945        94.5977       0.945977
   10         1       0.758514     0.00758514        100.952        1.00952
   10         1       0.805814     0.00805814         106.84         1.0684
   10         1       0.852993     0.00852993        112.717        1.12717
   10         1        0.90123      0.0090123        118.585        1.18585
   10         1       0.952976     0.00952976        124.898        1.24898
   10         1        1.00149      0.0100149        130.754        1.30754
   10         1        1.04979      0.0104979        136.606        1.36606
   10         2      0.0133411    0.000133411        5.90255      0.0590255
   10         2      0.0610453    0.000610453        11.9174       0.119174
   10         2        0.10875      0.0010875        17.7745       0.177745
   10         2       0.159718     0.00159718        23.9342       0.239342
   10         2       0.204452     0.00204452        29.9092       0.299092
   10         2       0.250169     0.00250169        35.7243       0.357243
   10         2       0.299152     0.00299152        41.8399       0.418399
   10         2       0.348333     0.00348333        47.8326       0.478326
   10         2       0.397432     0.00397432        53.7282       0.537282
   10         2       0.450016     0.00450016        59.9604       0.599604
   10         2       0.498361     0.00498361        65.7165       0.657165
   10         2       0.551225     0.00551225        71.8343       0.718343
   10         2       0.603989     0.00603989        77.9146       0.779146
   10         2        0.65673      0.0065673        83.9684       0.839684
   10         2       0.705978     0.00705978        89.6036       0.896036
   10         2       0.758238     0.00758238        95.6317       0.956317
   10         2       0.810308     0.00810308        101.656        1.01656
   10         2       0.863241     0.00863241        107.683        1.07683
   10         2       0.916324     0.00916324        113.716        1.13716
   10         2       0.969605     0.00969605        119.761        1.19761
   10         2        1.02318      0.0102318        125.819        1.25819
   10         2        1.07633      0.0107633        131.895        1.31895
   10         3      0.0401056    0.000401056        5.88484      0.0588484
   10         3      0.0728626    0.000728626        11.5114       0.115114
   10         3       0.109259     0.00109259        17.4704       0.174704
   10         3       0.149296     0.00149296        23.7772       0.237772
   10         3       0.189978     0.00189978        29.8838       0.298838
   10         3       0.231663     0.00231663        35.8314       0.358314
   10         3       0.272251     0.00272251        41.6503       0.416503
   10         3       0.316772     0.00316772        47.8783       0.478783
   10         3       0.358283     0.00358283        53.4964       0.534964
   10         3       0.403412     0.00403412        59.5436       0.595436
   10         3       0.448392     0.00448392        65.5198       0.655198
   10         3       0.496565     0.00496565        71.9274       0.719274
   10         3        0.54166      0.0054166        77.7922       0.777922
   10         3        0.58681      0.0058681        83.6165       0.836165
   10         3       0.635605     0.00635605        89.8893       0.898893
   10         3       0.680903     0.00680903        95.6518       0.956518
   10         3       0.728943     0.00728943        101.871        1.01871
   10         3       0.773913     0.00773913        107.593        1.07593
   10         3       0.822877     0.00822877        113.778        1.13778
   10         3       0.871866     0.00871866        119.951        1.19951
   10         3       0.917451     0.00917451        125.642        1.25642
   10         3       0.966017     0.00966017        131.803        1.31803
   11         0      0.0398244    0.000398244        8.81427      0.0881427
   11         0      0.0737801    0.000737801        14.6462       0.146462
   11         0        0.11296      0.0011296        20.8949       0.208949
   11         0       0.152139     0.00152139        26.8736       0.268736
   11         0       0.191457     0.00191457        32.6734       0.326734
   11         0       0.234021     0.00234021        38.7166       0.387166
   11         0       0.277522     0.00277522        44.6502       0.446502
   11         0       0.323346     0.00323346        50.8655       0.508655
   11         0       0.366661     0.00366661        56.6536       0.566536
   11         0       0.412165     0.00412165        62.7575       0.627575
   11         0       0.457533     0.00457533        68.8289       0.688289
   11         0       0.503661     0.00503661        74.8804       0.748804
   11         0        0.54966      0.0054966        80.9226       0.809226
   11         0       0.595682     0.00595682        86.9633       0.869633
   11         0        0.63891      0.0063891        92.6538       0.926538
   11         0       0.684616     0.00684616        98.7107       0.987107
   11         0       0.729938     0.00729938        104.784        1.04784
   11         0       0.775881     0.00775881        110.878        1.10878
   11         0        0.82179      0.0082179        116.995        1.16995
   11         0       0.865041     0.00865041        122.777        1.22777
   11         0       0.911397     0.00911397        128.948        1.28948
   11         1       0.036405     0.00036405        7.52506      0.0752506
   11         1      0.0737136    0.000737136        13.6184       0.136184
   11         1       0.111022     0.00111022         19.553        0.19553
   11         1       0.151201     0.00151201        25.7679       0.257679
   11         1       0.191708     0.00191708        31.8026       0.318026
   11         1       0.232975     0.00232975        37.6717       0.376717
   11         1        0.27658      0.0027658        43.8037       0.438037
   11         1       0.320655     0.00320655        49.8072       0.498072
   11         1       0.364996     0.00364996        55.7158       0.557158
   11         1       0.412145     0.00412145        61.9481       0.619481
   11         1       0.456015     0.00456015        67.7518       0.677518
   11         1       0.502789     0.00502789         73.925        0.73925
   11         1       0.547227     0.00547227        79.7134       0.797134
   11         1       0.594517     0.00594517        85.9031       0.859031
   11         1       0.638513     0.00638513        91.7308       0.917308
   11         1       0.685258     0.00685258        97.9818       0.979818
   11         1       0.729591     0.00729591        103.881        1.03881
   11         1       0.773936     0.00773936        109.822        1.09822
   11         1       0.817947     0.00817947        115.807        1.15807
   11         1        0.86182      0.0086182        121.838        1.21838
   11         1       0.906192     0.00906192        127.918        1.27918
   11         1       0.948051     0.00948051        133.637        1.33637
   11         1       0.992475     0.00992475        139.813        1.39813
   11         2      0.0293704    0.000293704         5.7234       0.057234
   11         2       0.058071     0.00058071        10.6639       0.106639
   11         2      0.0915549    0.000915549        15.8815       0.158815
   11         2       0.125039     0.00125039        20.8832       0.208832
   11         2       0.158472     0.00158472         25.765        0.25765
   11         2       0.194748     0.00194748        30.9061       0.309061
   11         2        0.23117      0.0023117        35.9792       0.359792
   11         2       0.267558     0.00267558        40.9993       0.409993
   11         2       0.303747     0.00303747        45.9761       0.459761
   11         2       0.339557     0.00339557        50.9168       0.509168
   11         2       0.375876     0.00375876        55.8266       0.558266
   11         2       0.412418     0.00412418        60.7101       0.607101
   11         2       0.451375     0.00451375        65.8936       0.658936
   11         2       0.488014     0.00488014        70.7323       0.707323
   11         2       0.526981     0.00526981         75.874        0.75874
   11         2       0.565871     0.00565871        80.9978       0.809978
   11         2       0.602301     0.00602301        85.7875       0.857875
   11         2       0.641192     0.00641192        90.8832       0.908832
   11         2       0.680206     0.00680206        95.9672       0.959672
   11         2       0.716675     0.00716675        100.724        1.00724
   11         2        0.75558      0.0075558        105.788        1.05788
   11         3      0.0253185    0.000253185        5.34291      0.0534291
   11         3      0.0609409    0.000609409        11.4407       0.114407
   11         3       0.100126     0.00100126         17.597        0.17597
   11         3        0.13931      0.0013931         23.526        0.23526
   11         3       0.183515     0.00183515        29.8202       0.298202
   11         3       0.225656     0.00225656        35.9754       0.359754
   11         3       0.266715     0.00266715        41.5185       0.415185
   11         3       0.313491     0.00313491        47.9669       0.479669
   11         3       0.356613     0.00356613        53.8363       0.538363
   11         3       0.400601     0.00400601        59.6365       0.596365
   11         3       0.448109     0.00448109        65.8532       0.658532
   11         3          0.492        0.00492        71.5374       0.715374
   11         3       0.539642     0.00539642        77.6449       0.776449
   11         3       0.586303     0.00586303        83.7059       0.837059
   11         3       0.633765     0.00633765         89.726        0.89726
   11         3       0.681416     0.00681416        95.7115       0.957115
   11         3       0.729008     0.00729008        101.666        1.01666
   11         3       0.776751     0.00776751        107.593        1.07593
   11         3        0.82698      0.0082698         113.95         1.1395
   11         3       0.874569     0.00874569        119.832        1.19832
   11         3        0.92251      0.0092251        125.698        1.25698
